function x = profile_JAN_L									
x.Comments= {									
	};								
x.BFs= [   									
	250	500	1000	2000	4000	6000	8000		
	];								
x.LongTone= [ 									
	20.73	13.34	15.79	22.36	38.39	28.84	30.68		
	];								
x.ShortTone= [ 									
	24.85	18.55	17.38	26.71	39.16	30.33	31.49		
	];								
x.IFMCFreq= [									
	250	500	1000	2000	4000	6000	8000		
	];								
x.MaskerRatio=[    									
	0.5	0.7	0.9	1	1.1	1.3	1.6		
	];								
x.IFMCs=[									
	NaN	59.68	46.05	72.24	67.00	23.03	49.55		
	NaN	40.01	36.63	57.28	39.36	45.46	53.76		
	NaN	30.47	26.84	49.18	45.39	36.14	32.71		
	NaN	25.27	16.71	33.25	46.51	23.64	36.84		
	NaN	30.84	21.85	61.48	49.86	24.81	41.23		
	NaN	44.65	23.21	83.05	50.21	31.11	35.57		
	NaN	61.83	24.49	74.15	42.19	46.62	42.15		
	];								
x.IFMCs= x.IFMCs';									
x.Gaps= [									
	0.01	0.02	0.03	0.04	0.05	0.06	0.07	0.08	0.09
	];								
x.TMCFreq= [									
	250	500	1000	2000	4000	6000	8000		
	];								
x.TMC= [									
	NaN	NaN	NaN	NaN	NaN	NaN	NaN		
	NaN	33.00	25.93	32.07	51.84	35.32	38.03		
	NaN	NaN	NaN	NaN	NaN	NaN	NaN		
	NaN	44.77	25.87	32.21	54.52	39.66	46.04		
	NaN	47.68	36.56	32.82	55.76	42.28	46.81		
	NaN	47.02	33.55	36.47	58.01	43.53	59.24		
	NaN	NaN	NaN	NaN	NaN	NaN	NaN		
	NaN	54.77	42.35	43.58	63.42	54.28	63.11		
	NaN	NaN	NaN	NaN	NaN	NaN	NaN		
	];								
x.TMC = x.TMC';									
