function x = profile_BPR_L									
x.Comments= {									
	};								
x.BFs= [   									
	250	500	1000	2000	4000	6000	8000		
	];								
x.LongTone= [ 									
	37.97	47.86	55.13	62.17	59.73	59.88	NaN		
	];								
x.ShortTone= [ 									
	42.21	51.85	58.11	61.71	62.28	61.69	NaN		
	];								
x.IFMCFreq= [									
	250	500	1000	2000	4000	6000	8000		
	];								
x.MaskerRatio=[    									
	0.5	0.7	0.9	1	1.1	1.3	1.6		
	];								
x.IFMCs=[									
	56.47	78.21	68.27	57.79	69.35	61.65	NaN		
	59.62	72.91	70.39	61.32	66.07	69.60	NaN		
	54.74	65.44	62.04	69.79	63.76	66.37	NaN		
	54.00	67.58	62.27	64.73	74.69	67.27	NaN		
	54.01	68.58	66.05	67.09	70.45	79.32	NaN		
	51.84	67.25	61.79	62.91	69.29	NaN	NaN		
	60.54	72.93	66.04	56.44	74.43	NaN	NaN		
	];								
x.IFMCs= x.IFMCs';									
x.Gaps= [									
	0.01	0.02	0.03	0.04	0.05	0.06	0.07	0.08	0.09
	];								
x.TMCFreq= [									
	250	500	1000	2000	4000	6000	8000		
	];								
x.TMC= [									
	NaN	NaN	NaN	NaN	NaN	NaN	NaN		
	56.69	67.77	68.26	70.21	75.02	66.25	NaN		
	NaN	NaN	NaN	NaN	NaN	NaN	NaN		
	58.81	68.99	70.29	76.15	74.11	66.84	NaN		
	58.72	68.23	70.83	75.39	77.03	70.05	NaN		
	57.77	67.23	71.26	69.15	74.82	72.54	NaN		
	NaN	NaN	NaN	NaN	NaN	NaN	NaN		
	59.56	68.27	71.29	71.00	78.50	78.36	NaN		
	NaN	NaN	NaN	NaN	NaN	NaN	NaN		
	];								
x.TMC = x.TMC';									
