function x = profile_MOG_L									
x.Comments= {									
	};								
x.BFs= [   									
	250	500	1000	2000	4000	6000	8000		
	];								
x.LongTone= [ 									
	18.19	8.00	15.09	25.00	8.31	20.69	22.25		
	];								
x.ShortTone= [ 									
	24.21	17.20	19.34	27.38	15.58	26.24	29.81		
	];								
x.IFMCFreq= [									
	250	500	1000	2000	4000	6000	8000		
	];								
x.MaskerRatio=[    									
	0.5	0.7	0.9	1	1.1	1.3	1.6		
	];								
x.IFMCs=[									
	NaN	42.58	66.97	74.32	83.92	64.27	67.28		
	NaN	42.44	48.40	63.58	57.54	54.36	65.60		
	NaN	29.61	26.25	44.67	36.13	42.49	39.32		
	NaN	27.91	29.33	34.72	27.70	32.40	31.07		
	NaN	28.48	30.93	41.59	32.59	36.81	46.59		
	NaN	46.35	41.51	44.47	40.24	44.18	41.09		
	NaN	50.29	60.98	55.59	55.74	43.01	42.97		
	];								
x.IFMCs= x.IFMCs';									
x.Gaps= [									
	0.01	0.02	0.03	0.04	0.05	0.06	0.07	0.08	0.09
	];								
x.TMCFreq= [									
	250	500	1000	2000	4000	6000	8000		
	];								
x.TMC= [									
	NaN	NaN	NaN	NaN	NaN	NaN	NaN		
	NaN	37.24	35.00	47.49	41.01	34.58	50.52		
	NaN	NaN	NaN	NaN	NaN	NaN	NaN		
	NaN	45.69	40.33	56.03	42.52	41.72	54.59		
	NaN	55.45	37.33	63.38	39.48	47.91	60.09		
	NaN	55.52	41.55	62.05	62.43	49.61	66.96		
	NaN	NaN	NaN	NaN	NaN	NaN	NaN		
	NaN	66.18	53.01	68.54	55.47	55.59	75.83		
	NaN	NaN	NaN	NaN	NaN	NaN	NaN		
	];								
x.TMC = x.TMC';									
