function x = profile_KMA_L									
x.Comments= {									
	};								
x.BFs= [   									
	250	500	1000	2000	4000	6000	8000		
	];								
x.LongTone= [ 									
	33.12	12.89	10.57	17.66	10.15	15.38	34.50		
	];								
x.ShortTone= [ 									
	31.83	19.77	15.68	23.51	14.15	17.06	37.24		
	];								
x.IFMCFreq= [									
	250	500	1000	2000	4000	6000	8000		
	];								
x.MaskerRatio=[    									
	0.5	0.7	0.9	1	1.1	1.3	1.6		
	];								
x.IFMCs=[									
	NaN	NaN	NaN	55.87	NaN	28.58	34.73		
	42.84	36.42	29.96	56.10	38.94	33.75	27.64		
	37.13	34.29	28.40	44.79	26.96	37.16	43.43		
	40.19	28.28	19.07	33.76	24.46	25.39	42.72		
	40.89	29.07	30.96	54.03	34.41	57.49	42.69		
	36.53	39.69	44.57	69.61	35.54	48.96	39.09		
	NaN	NaN	NaN	55.71	NaN	61.46	59.24		
	];								
x.IFMCs= x.IFMCs';									
x.Gaps= [									
	0.01	0.02	0.03	0.04	0.05	0.06	0.07	0.08	0.09
	];								
x.TMCFreq= [									
	250	500	1000	2000	4000	6000	8000		
	];								
x.TMC= [									
	NaN	NaN	NaN	NaN	NaN	NaN	NaN		
	NaN	30.14	21.17	38.12	35.10	32.86	55.07		
	NaN	NaN	NaN	NaN	NaN	NaN	NaN		
	NaN	NaN	NaN	NaN	NaN	NaN	56.87		
	NaN	34.17	36.17	43.40	48.65	61.80	68.41		
	NaN	NaN	NaN	NaN	NaN	NaN	67.36		
	NaN	NaN	NaN	NaN	NaN	NaN	NaN		
	NaN	39.49	46.92	51.04	59.06	68.48	74.69		
	NaN	NaN	NaN	NaN	NaN	NaN	NaN		
	];								
x.TMC = x.TMC';									
