function x = profile_JBU_L									
x.Comments= {									
	};								
x.BFs= [   									
	250	500	1000	2000	4000	6000	8000		
	];								
x.LongTone= [ 									
	19.84	17.59	4.94	-9.62	-1.13	10.54	20.73		
	];								
x.ShortTone= [ 									
	27.81	25.26	12.52	1.32	6.65	14.71	27.44		
	];								
x.IFMCFreq= [									
	250	500	1000	2000	4000	6000	8000		
	];								
x.MaskerRatio=[    									
	0.5	0.7	0.9	1	1.1	1.3	1.6		
	];								
x.IFMCs=[									
	51.35	43.99	67.05	68.29	50.10	60.30	72.44		
	46.18	35.43	51.71	58.36	28.22	54.45	53.17		
	40.36	32.36	26.14	26.96	20.26	20.74	32.44		
	37.54	34.79	23.05	15.07	6.64	18.08	19.91		
	36.00	32.25	21.89	36.46	16.58	19.78	36.91		
	35.15	40.92	44.63	46.66	18.41	40.00	29.98		
	47.62	74.98	69.03	71.48	35.41	32.73	39.83		
	];								
x.IFMCs= x.IFMCs';									
x.Gaps= [									
	0.01	0.02	0.03	0.04	0.05	0.06	0.07	0.08	0.09
	];								
x.TMCFreq= [									
	250	500	1000	2000	4000	6000	8000		
	];								
x.TMC= [									
	NaN	NaN	NaN	NaN	NaN	NaN	NaN		
	49.85	39.53	30.76	23.51	25.42	25.74	37.50		
	NaN	NaN	NaN	NaN	NaN	NaN	NaN		
	58.87	45.02	38.03	32.16	35.51	41.27	41.48		
	60.82	45.71	48.50	25.94	37.23	38.70	51.99		
	61.61	46.01	48.24	39.84	47.41	47.39	55.83		
	NaN	NaN	NaN	NaN	NaN	NaN	NaN		
	64.86	52.88	62.56	38.33	56.51	55.34	64.87		
	NaN	NaN	NaN	NaN	NaN	NaN	NaN		
	];								
x.TMC = x.TMC';									
