function x = profile_LCR_L									
x.Comments= {									
	};								
x.BFs= [   									
	250	500	1000	2000	4000	6000	8000		
	];								
x.LongTone= [ 									
	34.23	49.41	47.59	26.53	11.94	21.31	36.80		
	];								
x.ShortTone= [ 									
	40.66	53.40	51.89	29.95	15.67	25.09	42.74		
	];								
x.IFMCFreq= [									
	250	500	1000	2000	4000	6000	8000		
	];								
x.MaskerRatio=[    									
	0.5	0.7	0.9	1	1.1	1.3	1.6		
	];								
x.IFMCs=[									
	43.12	46.70	53.96	60.92	24.57	19.28	39.50		
	37.67	44.40	58.90	46.08	19.92	19.28	29.89		
	39.06	53.08	57.86	31.55	17.78	24.88	29.99		
	40.15	59.82	56.92	34.74	20.82	24.11	32.98		
	42.12	61.80	55.18	33.20	11.57	26.23	63.77		
	45.35	60.66	46.81	27.51	13.92	24.36	86.68		
	41.15	62.04	39.70	41.98	26.11	69.39	93.46		
	];								
x.IFMCs= x.IFMCs';									
x.Gaps= [									
	0.01	0.02	0.03	0.04	0.05	0.06	0.07	0.08	0.09
	];								
x.TMCFreq= [									
	250	500	1000	2000	4000	6000	8000		
	];								
x.TMC= [									
	NaN	NaN	NaN	NaN	NaN	NaN	NaN		
	45.14	54.59	58.52	32.25	20.79	31.78	36.04		
	NaN	NaN	NaN	NaN	NaN	NaN	NaN		
	45.35	55.26	60.40	30.37	21.43	32.95	35.27		
	40.02	53.83	57.70	30.14	18.55	22.45	36.83		
	46.11	54.09	55.77	31.27	14.69	27.09	32.91		
	NaN	NaN	NaN	NaN	NaN	NaN	NaN		
	49.11	53.43	57.12	30.67	18.27	31.90	33.42		
	NaN	NaN	NaN	NaN	NaN	NaN	NaN		
	];								
x.TMC = x.TMC';									
