function x = profile_NAB_L									
x.Comments= {									
	};								
x.BFs= [   									
	250	500	1000	2000	4000	6000	8000		
	];								
x.LongTone= [ 									
	61.16	58.70	51.00	54.68	64.39	85.98	NaN		
	];								
x.ShortTone= [ 									
	64.92	57.36	52.40	52.30	68.67	NaN	NaN		
	];								
x.IFMCFreq= [									
	250	500	1000	2000	4000	6000	8000		
	];								
x.MaskerRatio=[    									
	0.5	0.7	0.9	1	1.1	1.3	1.6		
	];								
x.IFMCs=[									
	79.56	64.30	69.22	73.63	83.29	NaN	NaN		
	73.18	67.31	60.01	64.25	71.16	NaN	NaN		
	74.49	67.49	63.32	64.38	64.25	NaN	NaN		
	73.52	61.34	63.48	62.80	70.68	NaN	NaN		
	73.42	64.47	62.61	67.24	75.20	NaN	NaN		
	78.40	53.66	59.76	72.46	77.00	NaN	NaN		
	72.88	56.38	66.07	68.01	NaN	NaN	NaN		
	];								
x.IFMCs= x.IFMCs';									
x.Gaps= [									
	0.01	0.02	0.03	0.04	0.05	0.06	0.07	0.08	0.09
	];								
x.TMCFreq= [									
	250	500	1000	2000	4000	6000	8000		
	];								
x.TMC= [									
	NaN	NaN	NaN	NaN	NaN	NaN	NaN		
	76.51	68.61	64.76	61.34	73.85	NaN	NaN		
	NaN	NaN	NaN	NaN	NaN	NaN	NaN		
	78.87	67.99	67.29	67.19	79.07	NaN	NaN		
	84.68	71.88	70.79	64.65	81.01	NaN	NaN		
	85.41	76.52	69.95	72.44	78.54	NaN	NaN		
	NaN	NaN	NaN	NaN	NaN	NaN	NaN		
	87.25	83.00	74.18	78.42	NaN	NaN	NaN		
	NaN	NaN	NaN	NaN	NaN	NaN	NaN		
	];								
x.TMC = x.TMC';									
