function x = profile_MLA_R									
x.Comments= {									
	};								
x.BFs= [   									
	250	500	1000	2000	4000	6000	8000		
	];								
x.LongTone= [ 									
	19.45	15.66	19.13	12.71	10.72	25.17	48.53		
	];								
x.ShortTone= [ 									
	25.50	22.48	25.74	13.23	19.38	34.81	54.67		
	];								
x.IFMCFreq= [									
	250	500	1000	2000	4000	6000	8000		
	];								
x.MaskerRatio=[    									
	0.5	0.7	0.9	1	1.1	1.3	1.6		
	];								
x.IFMCs=[									
	NaN	NaN	42.61	48.65	35.33	33.16	59.78		
	NaN	NaN	37.28	37.80	23.11	27.89	50.25		
	NaN	NaN	36.13	27.77	22.94	31.02	38.73		
	NaN	NaN	31.30	23.72	17.86	27.36	56.90		
	NaN	NaN	37.27	23.78	20.70	29.29	84.66		
	NaN	NaN	37.72	30.29	33.81	52.31	83.97		
	NaN	NaN	43.40	24.84	30.74	79.90	86.25		
	];								
x.IFMCs= x.IFMCs';									
x.Gaps= [									
	0.01	0.02	0.03	0.04	0.05	0.06	0.07	0.08	0.09
	];								
x.TMCFreq= [									
	250	500	1000	2000	4000	6000	8000		
	];								
x.TMC= [									
	NaN	NaN	NaN	NaN	NaN	NaN	NaN		
	NaN	NaN	32.06	24.99	28.40	35.04	56.23		
	NaN	NaN	NaN	NaN	NaN	NaN	NaN		
	NaN	NaN	36.13	28.26	30.39	39.60	53.46		
	NaN	NaN	34.96	30.16	35.07	36.40	57.07		
	NaN	NaN	35.81	30.79	37.18	41.45	57.86		
	NaN	NaN	NaN	NaN	NaN	NaN	NaN		
	NaN	NaN	34.80	29.24	34.51	40.45	61.63		
	NaN	NaN	NaN	NaN	NaN	NaN	NaN		
	];								
x.TMC = x.TMC';									
