function x = profile_PBA_R									
x.Comments= {									
	};								
x.BFs= [   									
	250	500	1000	2000	4000	6000	8000		
	];								
x.LongTone= [ 									
	29.71	28.14	24.68	44.27	53.47	56.90	76.49		
	];								
x.ShortTone= [ 									
	40.03	37.30	31.55	48.81	55.26	61.60	76.32		
	];								
x.IFMCFreq= [									
	250	500	1000	2000	4000	6000	8000		
	];								
x.MaskerRatio=[    									
	0.5	0.7	0.9	1	1.1	1.3	1.6		
	];								
x.IFMCs=[									
	59.69	NaN	62.63	73.76	90.19	78.68	84.86		
	57.17	54.52	47.54	72.73	71.93	74.56	82.81		
	51.01	40.91	41.23	66.41	62.00	72.17	81.37		
	48.36	39.09	35.51	59.78	63.87	70.01	NaN		
	48.02	38.21	38.93	67.87	71.26	78.18	NaN		
	48.67	35.34	45.58	76.62	73.14	87.68	89.61		
	51.49	NaN	50.47	81.17	91.41	NaN	NaN		
	];								
x.IFMCs= x.IFMCs';									
x.Gaps= [									
	0.01	0.02	0.03	0.04	0.05	0.06	0.07	0.08	0.09
	];								
x.TMCFreq= [									
	250	500	1000	2000	4000	6000	8000		
	];								
x.TMC= [									
	NaN	NaN	NaN	NaN	NaN	NaN	NaN		
	NaN	64.53	51.80	69.82	63.24	76.58	NaN		
	NaN	NaN	NaN	NaN	NaN	NaN	NaN		
	NaN	72.25	73.19	80.67	67.20	85.84	NaN		
	NaN	73.05	84.54	83.90	69.64	87.23	NaN		
	NaN	74.26	83.95	86.33	75.24	92.68	NaN		
	NaN	NaN	NaN	NaN	NaN	NaN	NaN		
	NaN	73.45	88.83	88.92	81.03	NaN	NaN		
	NaN	NaN	NaN	NaN	NaN	NaN	NaN		
	];								
x.TMC = x.TMC';									
