function x = MTprofile14_34hr17_Apr_2013
%created: 14_34hr17_Apr_2013

x.BFs = [250   500  1000  2000  4000  6000];

x.LongTone = [19.2        14      10.6      5.57      4.05      6.25];
x.ShortTone = [21      17.4        12      10.6      6.76      7.97];

x.Gaps = [0.01      0.03      0.05      0.07      0.09];
x.TMCFreq = [250   500  1000  2000  4000  6000];
x.TMC = [
26	29.3	22.7	22.9	21.8	20	 
32.3	32.4	26.4	27.9	27	20.9	 
33.6	30.6	29	32.3	37.1	31.7	 
35.1	35.4	28.2	36.9	49.1	44.6	 
34.9	34.1	30	36.5	66	61.2	 
];
x.TMC = x.TMC';

x.MaskerRatio = [0.5      0.7      0.9        1      1.1      1.3      1.6];
x.IFMCFreq = [250   500  1000  2000  4000  6000];
x.IFMCs = [
40.8	52.9	51.6	47.5	43.4	40.1	 
31.5	42.7	43.4	37.5	34.1	31.9	 
28.7	30.7	32	41.6	37.3	33.9	 
26.8	27.7	23	25.2	22.7	20.5	 
30.9	30.7	26.3	22.4	23.5	26	 
51.3	43.8	43.3	49.2	55.3	60.8	 
40.7	42.5	48.9	53.6	63.9	68.8	 
];
x.IFMCs = x.IFMCs';
