function x = MTprofile11_31hr02_Mar_2013
%created: 11_31hr02_Mar_2013

x.BFs = [250   500  1000  2000  4000  6000];

x.LongTone = [6.2     0.847     -2.72     -3.48     -4.11    -0.943];
x.ShortTone = [8.13      5.16       1.8      1.27    -0.361      1.93];

x.Gaps = [0.01      0.03      0.05      0.07      0.09];
x.TMCFreq = [250   500  1000  2000  4000  6000];
x.TMC = [
18.1	17.1	13.7	14	10.4	12.4	 
20	19.2	15.4	20	15.3	18.2	 
21.2	25.2	20.6	33.1	21.5	21.5	 
22.4	29.5	38.7	71.2	51.8	19.6	 
29.2	49.7	74.1	105	60.7	45.3	 
];
x.TMC = x.TMC';

x.MaskerRatio = [0.5      0.7      0.9        1      1.1      1.3      1.6];
x.IFMCFreq = [250   500  1000  2000  4000  6000];
x.IFMCs = [
31.1	45.1	59.9	57.2	51.5	50.8	 
25	31.8	39.3	43.5	36.7	39.7	 
19.7	20.2	17.6	21	21.3	21.6	 
17.8	17	15.8	13.6	11.6	12.9	 
16.8	14.5	13.4	15.4	18.5	23.4	 
17.2	20	26.4	37.4	46.8	50.4	 
18.6	31.8	63.4	76	82.3	93.3	 
];
x.IFMCs = x.IFMCs';
