function x = MTprofile16_29hr10_Oct_2012
%created: 16_29hr10_Oct_2012

x.BFs = [250   500  1000  2000  4000  6000];

x.LongTone = [10.2      5.88      2.94      2.53     0.869      1.66];
x.ShortTone = [12.8      8.92      6.27      4.68      1.61       3.6];

x.Gaps = [0.01      0.03      0.05      0.07      0.09];
x.TMCFreq = [250   500  1000  2000  4000  6000];
x.TMC = [
25.7	22	19.4	18.2	14.6	17.5	 
33.5	34.2	34.6	24.9	19	26.4	 
63	NaN	NaN	73.6	57.9	79.6	 
NaN	NaN	NaN	NaN	NaN	NaN	 
NaN	NaN	NaN	NaN	NaN	NaN	 
];
x.TMC = x.TMC';

x.MaskerRatio = [0.5      0.7      0.9        1      1.1      1.3      1.6];
x.IFMCFreq = [250   500  1000  2000  4000  6000];
x.IFMCs = [
37.9	45.6	51.7	54.9	54.3	52.3	 
30.2	32.5	33.9	41.6	53.8	42.3	 
27.4	23.2	24	22.4	18.5	20.3	 
25.8	21.3	18.7	17.4	14.2	16.4	 
23.8	20.9	17.5	17.5	15.4	18.7	 
24	23.9	25.3	27.1	28.7	34.8	 
26.9	32.5	40	43.7	51.5	58.2	 
];
x.IFMCs = x.IFMCs';
