function x = MTprofile15_13hr22_Jun_2012
%created: 15_13hr22_Jun_2012

x.BFs = [250   500  1000  2000  4000  6000];

x.LongTone = [9.93      7.21         5         6      4.19      4.65];
x.ShortTone = [14.8      11.4      9.03      12.5      10.5      12.8];

x.Gaps = [0.01      0.03      0.05      0.07      0.09];
x.TMCFreq = [250   500  1000  2000  4000  6000];
x.TMC = [
26	25.2	22.3	32.1	30	27.1	 
28.5	22.8	25.3	50.8	31.6	36.1	 
29.1	40.8	31.8	69.3	44.4	30.6	 
48.1	52.7	44.9	77.5	60.5	46.6	 
79.9	80.7	69.2	91.1	55.2	45.2	 
];
x.TMC = x.TMC';

x.MaskerRatio = [0.5      0.7      0.9        1      1.1      1.3      1.6];
x.IFMCFreq = [250   500  1000  2000  4000  6000];
x.IFMCs = [
39.2	52.9	66.4	68.3	67.4	67.9	 
32.6	39.5	47.8	57.6	52.8	53.9	 
28.2	26.9	24.6	51.5	47.6	39.6	 
26.9	23.9	22.5	34.8	34	27	 
24.7	26.5	21.9	45.8	30.9	40.6	 
26.2	30	33.3	75.1	82.1	88	 
28.8	62.9	72.9	89.4	96.1	NaN	 
];
x.IFMCs = x.IFMCs';
