function x = MTprofile8_59hr23_Apr_2012
%created: 8_59hr23_Apr_2012

x.BFs = [250   500  1000  2000  4000  6000];

x.LongTone = [19.1      15.8        15      37.1      43.2        41];
x.ShortTone = [22.3      18.1      21.6      57.2      54.7      54.1];

x.Gaps = [0.01      0.03      0.05      0.07      0.09];
x.TMCFreq = [250   500  1000  2000  4000  6000];
x.TMC = [
32	31.8	46.6	72.1	57.5	80.4	 
49.8	51.5	53.9	78.8	75.3	99.7	 
82	67.5	56.2	79.4	92.5	94.9	 
92.6	76.3	42	75.4	66.4	NaN	 
94.3	81.5	62.8	69.2	96.2	NaN	 
];
x.TMC = x.TMC';

x.MaskerRatio = [0.5      0.7      0.9        1      1.1      1.3      1.6];
x.IFMCFreq = [250   500  1000  2000  4000  6000];
x.IFMCs = [
59.4	74.8	76.4	79.9	80.3	85.9	 
43.5	52.7	69.9	68.5	67.8	72.3	 
35.7	37.7	59.1	75.3	66.8	85.8	 
32.6	35.3	41.4	76.3	84	81.7	 
31.3	35.8	55.9	66.2	55.5	84.6	 
31.1	71.7	78.5	90.1	100	NaN	 
47.5	73.9	87.7	102	NaN	NaN	 
];
x.IFMCs = x.IFMCs';
