function x = MTprofile15_57hr22_Oct_2012
%created: 15_57hr22_Oct_2012

x.BFs = [250   500  1000  2000  4000  6000];

x.LongTone = [NaN      49.4      46.3      53.3      58.9      65.6];
x.ShortTone = [NaN      50.4      46.4      53.2      59.7      64.7];

x.Gaps = [0.01      0.03      0.05      0.07      0.09];
x.TMCFreq = [250   500  1000  2000  4000  6000];
x.TMC = [
NaN	51.1	48.3	50.3	57.4	64	 
NaN	55.6	48.2	51	59.7	67.5	 
NaN	55.1	51.3	54.4	60.6	68.4	 
NaN	61.9	53.1	61.6	59.5	77.9	 
NaN	62.6	51.6	55	58.5	74.3	 
];
x.TMC = x.TMC';

x.MaskerRatio = [0.5      0.7      0.9        1      1.1      1.3      1.6];
x.IFMCFreq = [250   500  1000  2000  4000  6000];
x.IFMCs = [
NaN	68.4	63.7	59.8	56.9	55.9	 
NaN	59.5	52.8	46.1	40.5	41	 
NaN	53.8	46.1	45.6	50.6	57.6	 
NaN	50.3	45.8	50.9	57.4	63.6	 
NaN	48	46.8	55.7	62.4	71	 
NaN	47.4	55.7	63.7	69.7	79.7	 
NaN	50.1	63.7	70.5	79.7	87.7	 
];
x.IFMCs = x.IFMCs';
