function x = MTprofile9_34hr29_Oct_2012
%created: 9_34hr29_Oct_2012

x.BFs = [1000];

x.LongTone = [16.5];
x.ShortTone = [20.5];

x.Gaps = [0.01      0.03      0.05      0.07      0.09];
x.TMCFreq = [1000];
x.TMC = [
20.2	 
22	 
21	 
26.2	 
22.3	 
];
x.TMC = x.TMC';

x.MaskerRatio = [0.5      0.7      0.9        1      1.1      1.3      1.6];
x.IFMCFreq = [1000];
x.IFMCs = [
64.5	 
42	 
20.8	 
21.3	 
21.9	 
38.7	 
76.8	 
];
x.IFMCs = x.IFMCs';
