function x = MTprofile10_16hr14_Mar_2012
%created: 10_16hr14_Mar_2012

x.BFs = [250   500  1000  2000  4000  8000];

x.LongTone = [-2.46     -4.32     -5.46     -2.49       2.5      8.38];
x.ShortTone = [1.37     0.331     -1.48      2.13      8.85      16.8];

x.Gaps = [0.01      0.03      0.05      0.07      0.09];
x.TMCFreq = [250   500  1000  2000  4000  8000];
x.TMC = [
12.9	16.4	11.6	37.5	21	31	 
15.8	27.3	35.6	44.9	38.6	62.6	 
51.1	78	54.5	74.5	56.8	62.2	 
64.3	NaN	76.5	89.4	51.7	71.4	 
96.4	NaN	83.1	93.2	57.5	84.5	 
];
x.TMC = x.TMC';

x.MaskerRatio = [0.5      0.7      0.9        1      1.1      1.3      1.6];
x.IFMCFreq = [250   500  1000  2000  4000  8000];
x.IFMCs = [
26.4	55.9	75.9	73.6	72.2	87	 
19.4	38	54.8	63	64.5	71.6	 
14.6	19.2	19.7	28.1	47.8	57.5	 
12.6	14.2	10.7	28.6	32.3	42.9	 
13.1	16.6	13.6	27.1	29.7	39.6	 
12	27.6	41	88.8	83.2	NaN	 
16	73.1	86.2	103	NaN	NaN	 
];
x.IFMCs = x.IFMCs';
