function x = MTprofile19_5hr27_Nov_2012
%created: 19_5hr27_Nov_2012

x.BFs = [250   500  1000  2000  4000  6000];

x.LongTone = [19.6      17.8      16.7      18.4        21      22.8];
x.ShortTone = [23.5      19.7      18.9      24.1      51.5      49.2];

x.Gaps = [0.01      0.03      0.05      0.07      0.09];
x.TMCFreq = [250   500  1000  2000  4000  6000];
x.TMC = [
34.4	33.5	39	38.6	NaN	NaN	 
42.9	42.4	64.9	56.2	6.19	-3.86	 
61.6	88.4	NaN	NaN	-15.6	NaN	 
NaN	NaN	NaN	46.9	NaN	20.3	 
NaN	NaN	NaN	75.9	-6.92	NaN	 
];
x.TMC = x.TMC';

x.MaskerRatio = [0.5      0.7      0.9        1      1.1      1.3      1.6];
x.IFMCFreq = [250   500  1000  2000  4000  6000];
x.IFMCs = [
46.1	64.3	75.8	74.1	23.1	-15.7	 
40.9	43.7	55.5	57.9	42.9	9.02	 
37.6	34.4	36.9	37.7	8.98	19.7	 
36.3	32.2	34	47.6	12.1	7.71	 
34.5	32.7	35.5	45.9	39.7	NaN	 
35.2	32.1	59.7	63	NaN	-15.1	 
37.7	63.4	NaN	103	23.5	8.39	 
];
x.IFMCs = x.IFMCs';
