function x = MTprofile17_57hr24_Oct_2012
%created: 17_57hr24_Oct_2012

x.BFs = [250   500  1000  2000  4000  6000];

x.LongTone = [2.88     -0.43     -1.92     -5.08     -6.59      -5.9];
x.ShortTone = [5.71      1.34    -0.256     -1.79     -4.14      -4.2];

x.Gaps = [0.01      0.03      0.05      0.07      0.09];
x.TMCFreq = [250   500  1000  2000  4000  6000];
x.TMC = [
16.2	13.9	12.4	10.4	7.49	8.57	 
21.6	15.6	33.5	19.2	25.5	9.84	 
29.3	29.7	52.6	66.9	NaN	36.5	 
83.9	71.8	NaN	NaN	NaN	55.5	 
NaN	NaN	NaN	NaN	NaN	91.7	 
];
x.TMC = x.TMC';

x.MaskerRatio = [0.5      0.7      0.9        1      1.1      1.3      1.6];
x.IFMCFreq = [250   500  1000  2000  4000  6000];
x.IFMCs = [
30.7	40.6	59.8	60.1	59.9	53.8	 
24.5	26.6	37.2	48.5	42.9	36.6	 
19.6	16.7	18.8	19.3	18.3	15.3	 
18	13.9	11.8	9.62	7.73	8.56	 
16.1	12.3	11.6	13.8	12.7	13.5	 
16.6	15.9	24	29.6	40.8	43.2	 
22.3	27.8	44.8	80.3	91.2	72.6	 
];
x.IFMCs = x.IFMCs';
