function x = MTprofile9_15hr26_Oct_2012
%created: 9_15hr26_Oct_2012

x.BFs = [250   500  1000  2000  4000  6000];

x.LongTone = [26.6      24.1      30.7      48.2      64.8      36.5];
x.ShortTone = [27.8      27.5      37.5      66.5      79.2        59];

x.Gaps = [0.01      0.03      0.05      0.07      0.09];
x.TMCFreq = [250   500  1000  2000  4000  6000];
x.TMC = [
39.2	40.6	39.1	45.4	11.9	47.7	 
47.2	45.5	48.3	34.9	19.8	36.7	 
49.5	46.4	54	41	15.8	28.9	 
53	65.3	60.9	50.4	26.3	31.1	 
60.1	77.8	62.1	67.2	48.7	3.94	 
];
x.TMC = x.TMC';

x.MaskerRatio = [0.5      0.7      0.9        1      1.1      1.3      1.6];
x.IFMCFreq = [250   500  1000  2000  4000  6000];
x.IFMCs = [
61.6	79.4	83.1	72.8	42.4	79.3	 
46.7	60.8	75.3	68	58.4	63.5	 
40.2	45.2	49.4	75.5	24.5	41.7	 
35.4	41.9	46.6	49.1	23.9	26.1	 
38.1	37.7	49.7	66	22.8	59.5	 
36.9	75.9	68.6	62.2	77.3	63.8	 
59.3	78.4	93.5	102	73.5	58.9	 
];
x.IFMCs = x.IFMCs';
