function x = MTprofile17_20hr03_Apr_2013
%created: 17_20hr03_Apr_2013

x.BFs = [250   500  1000  2000  4000  6000];

x.LongTone = [22.3      18.3      15.2      12.9      13.4      15.4];
x.ShortTone = [25.8      21.7      19.4      19.2      17.1      19.6];

x.Gaps = [0.01      0.03      0.05      0.07      0.09];
x.TMCFreq = [250   500  1000  2000  4000  6000];
x.TMC = [
38.4	34.2	32.4	41	30.5	29.7	 
38.1	43.9	38.8	43.5	41.1	46.3	 
42.8	42.2	51.5	55.4	55.3	63.8	 
51.3	55.7	50.8	62.7	65.5	72.5	 
55.8	49.8	65.1	60.9	67.5	80.4	 
];
x.TMC = x.TMC';

x.MaskerRatio = [0.5      0.7      0.9        1      1.1      1.3      1.6];
x.IFMCFreq = [250   500  1000  2000  4000  6000];
x.IFMCs = [
60	90.1	NaN	NaN	NaN	NaN	 
48.8	62.7	84.4	NaN	NaN	NaN	 
39.4	38.3	44.3	53.1	49.9	56	 
40.9	33.8	31.2	36.6	27.5	32	 
30	32.8	40.5	37.6	38.4	47.3	 
32.8	40.4	57.6	74.2	NaN	102	 
43.4	68.9	101	NaN	NaN	NaN	 
];
x.IFMCs = x.IFMCs';
