function x = MTprofile7_41hr10_Oct_2012
%created: 7_41hr10_Oct_2012

x.BFs = [250   500  1000  2000  4000  6000];

x.LongTone = [8.7         5      2.54      1.98     -1.05      0.46];
x.ShortTone = [10.3       7.9      6.55      4.51     0.335      3.63];

x.Gaps = [0.01      0.03      0.05      0.07      0.09];
x.TMCFreq = [250   500  1000  2000  4000  6000];
x.TMC = [
21.6	21.3	22	17.9	11.7	20.4	 
23	25.8	45.8	32.1	15.9	26.9	 
25.2	68.1	NaN	84.3	22.3	NaN	 
37.4	NaN	NaN	NaN	68.9	NaN	 
62.1	NaN	NaN	NaN	NaN	NaN	 
];
x.TMC = x.TMC';

x.MaskerRatio = [0.5      0.7      0.9        1      1.1      1.3      1.6];
x.IFMCFreq = [250   500  1000  2000  4000  6000];
x.IFMCs = [
35.2	48	66	62.3	56.7	56	 
27.5	35.1	46.8	50.5	39.6	42.1	 
23.5	24.4	25.2	25.5	20.8	26.5	 
21.2	21.8	22.4	18.2	12.2	17.3	 
19.3	19.8	21.4	18.8	17.6	24.9	 
21.2	24.6	33.1	38.2	42.2	52.3	 
24.2	36.2	73	79.9	88	101	 
];
x.IFMCs = x.IFMCs';
