function x = MTprofile18_43hr02_Nov_2012
%created: 18_43hr02_Nov_2012

x.BFs = [1000];

x.LongTone = [12.7];
x.ShortTone = [15.6];

x.Gaps = [0.01      0.03      0.05      0.07      0.09];
x.TMCFreq = [1000];
x.TMC = [
23.8	 
27.8	 
31.5	 
34.7	 
33.6	 
];
x.TMC = x.TMC';

x.MaskerRatio = [0.5      0.7      0.9        1      1.1      1.3      1.6];
x.IFMCFreq = [1000];
x.IFMCs = [
55.5	 
34.5	 
25.7	 
22.8	 
24.9	 
35.1	 
71.6	 
];
x.IFMCs = x.IFMCs';
