function x = MTprofile20_16hr16_Sep_2012
%created: 20_16hr16_Sep_2012

x.BFs = [250   500  1000  2000  4000  6000];

x.LongTone = [57.2        49      46.8      52.7      58.5      64.2];
x.ShortTone = [58.3      49.5      46.8      52.6      59.2      64.8];

x.Gaps = [0.01      0.03      0.05      0.07      0.09];
x.TMCFreq = [250   500  1000  2000  4000  6000];
x.TMC = [
62.7	53.7	48.4	52.7	54.2	68.1	 
68.6	53.5	48	51.6	58.2	68.5	 
69.8	59.2	48.5	50.4	55.5	67.2	 
71.7	57.1	48.9	51.6	57.3	68.5	 
81.3	53.9	50.6	52.7	53.6	66.5	 
];
x.TMC = x.TMC';

x.MaskerRatio = [0.5      0.7      0.9        1      1.1      1.3      1.6];
x.IFMCFreq = [250   500  1000  2000  4000  6000];
x.IFMCs = [
74.2	70.2	64.6	61.3	57.6	58.5	 
69.3	61.1	53.5	46.3	40.6	43.5	 
65.7	55.9	47.6	46.9	52.5	57.2	 
68.1	54.4	44.9	50	58.5	65.7	 
58.6	53.3	48.9	57.1	62.5	73.5	 
58.1	53.3	55.1	64	72.5	79.8	 
52.9	55.8	63.2	70.5	81.5	89.9	 
];
x.IFMCs = x.IFMCs';
