function x = MTprofile11_43hr22_Nov_2012
%created: 11_43hr22_Nov_2012

x.BFs = [250   500  1000  2000  4000  6000];

x.LongTone = [44.7      34.6        31      45.2        49      52.2];
x.ShortTone = [48.4      39.9      36.6        50      53.6      56.5];

x.Gaps = [0.01      0.03      0.05      0.07      0.09];
x.TMCFreq = [250   500  1000  2000  4000  6000];
x.TMC = [
69.1	73.7	59.9	70.8	73.8	71.3	 
74	NaN	69.4	NaN	83.1	88.2	 
79.1	NaN	89	NaN	90	NaN	 
77.1	NaN	95.7	NaN	NaN	NaN	 
NaN	NaN	NaN	NaN	NaN	NaN	 
];
x.TMC = x.TMC';

x.MaskerRatio = [0.5      0.7      0.9        1      1.1      1.3      1.6];
x.IFMCFreq = [250   500  1000  2000  4000  6000];
x.IFMCs = [
73.1	84.8	72.8	75.3	69.4	71.1	 
67.3	78.7	60.5	59	56.2	58.8	 
67.9	71.5	56.5	71.3	73.3	80.4	 
65.4	71.6	55.3	68.9	65.7	69.8	 
66.8	73.9	60.1	66.4	63.8	69.6	 
67.9	72.4	69.3	76.1	72.9	82.8	 
57.2	97.2	80.5	95.3	96.9	NaN	 
];
x.IFMCs = x.IFMCs';
