function x = MTprofile11_12hr06_Apr_2013
%created: 11_12hr06_Apr_2013

x.BFs = [2000];

x.LongTone = [49.8];
x.ShortTone = [51.5];

x.Gaps = [0.01      0.03      0.05      0.07      0.09];
x.TMCFreq = [2000];
x.TMC = [
58.2	 
57.3	 
66.1	 
56	 
56.3	 
];
x.TMC = x.TMC';

x.MaskerRatio = [0.5      0.7      0.9        1      1.1      1.3      1.6];
x.IFMCFreq = [2000];
x.IFMCs = [
65	 
46.3	 
53.6	 
54.5	 
57.3	 
76.8	 
97.6	 
];
x.IFMCs = x.IFMCs';
