function x = MTprofile17_48hr22_Nov_2012
%created: 17_48hr22_Nov_2012

x.BFs = [1000];

x.LongTone = [9.58];
x.ShortTone = [17.9];

x.Gaps = [0.01      0.03      0.05      0.07      0.09];
x.TMCFreq = [1000];
x.TMC = [
37.2	 
99	 
76	 
NaN	 
NaN	 
];
x.TMC = x.TMC';

x.MaskerRatio = [0.5      0.7      0.9        1      1.1      1.3      1.6];
x.IFMCFreq = [1000];
x.IFMCs = [
65.8	 
53.1	 
35.7	 
46.4	 
37.7	 
45.2	 
86.4	 
];
x.IFMCs = x.IFMCs';
