function x = MTprofile21_41hr29_Mar_2013
%created: 21_41hr29_Mar_2013

x.BFs = [250   500  1000  2000  4000  6000];

x.LongTone = [8.83      3.26     0.574     0.519     -1.05      3.08];
x.ShortTone = [12      6.94      3.91      4.25      7.43      9.07];

x.Gaps = [0.01      0.03      0.05      0.07      0.09];
x.TMCFreq = [250   500  1000  2000  4000  6000];
x.TMC = [
24.5	56.8	70.6	89.6	69.5	44.7	 
31.4	81.9	NaN	NaN	97.8	56.1	 
32.3	NaN	NaN	NaN	NaN	75.2	 
45.6	NaN	NaN	NaN	NaN	75.9	 
77.8	NaN	NaN	NaN	NaN	70.9	 
];
x.TMC = x.TMC';

x.MaskerRatio = [0.5      0.7      0.9        1      1.1      1.3      1.6];
x.IFMCFreq = [250   500  1000  2000  4000  6000];
x.IFMCs = [
41.2	76.3	92.3	72.7	63.7	65.5	 
31.8	72	86	69.4	58	51.8	 
27.5	49.8	NaN	73.4	63.3	61	 
26.2	59.2	NaN	73.8	79.3	39.1	 
23.9	61.3	90.6	98.6	69.3	39.8	 
24.7	60.2	88.3	NaN	89.9	88.5	 
29.1	70.1	NaN	NaN	97.8	NaN	 
];
x.IFMCs = x.IFMCs';
