function x = MTprofile10_25hr13_May_2012
%created: 10_25hr13_May_2012

x.BFs = [250   500  1000  2000  4000  6000];

x.LongTone = [19.7      15.8      15.8      33.6      33.7      23.6];
x.ShortTone = [20.4      18.3      19.9        51      45.9      36.8];

x.Gaps = [0.01      0.03      0.05      0.07      0.09];
x.TMCFreq = [250   500  1000  2000  4000  6000];
x.TMC = [
30.1	44.1	18.3	45.4	38.9	35.1	 
38.1	79.2	8.65	43.7	16.4	44.7	 
63.2	88.4	40	42.4	57.7	52.8	 
73.6	NaN	23.9	50.5	41.4	46.3	 
65.4	NaN	40.9	38.9	59.5	61.9	 
];
x.TMC = x.TMC';

x.MaskerRatio = [0.5      0.7      0.9        1      1.1      1.3      1.6];
x.IFMCFreq = [250   500  1000  2000  4000  6000];
x.IFMCs = [
49.9	78.2	67.3	64.3	73.4	75.6	 
37.4	58.8	55.8	51.3	55.2	57.9	 
31.5	52.6	33.5	34.3	60.2	57.1	 
30.8	60.8	21.4	45.8	35.1	44.4	 
29.1	56	18.3	44.2	52.4	55.7	 
28.3	69.8	50.1	69.1	78.1	98.8	 
34.6	75.7	76.8	80.7	100	NaN	 
];
x.IFMCs = x.IFMCs';
