function x = MTprofileDRNLa3_18_21hr22_May_2013
%created: 18_51hr22_May_2013

x.BFs = [250   500  1000  2000  4000  6000];

x.LongTone = [24.4        20      16.9       9.6      6.56      11.2];
x.ShortTone = [33.2      30.7      21.5      16.7        13      14.5];

x.Gaps = [0.01      0.03      0.05      0.07      0.09];
x.TMCFreq = [250   500  1000  2000  4000  6000];
x.TMC = [
47.4	42	30.5	29.3	30	26.8	 
57.6	47.3	37.5	33.7	35.2	33.7	 
58.4	51.5	41.5	39.2	56.7	43.9	 
50.9	53.3	40.1	47.9	59.4	50.8	 
60.4	57.2	42.7	45.7	66.3	67.9	 
];
x.TMC = x.TMC';

x.MaskerRatio = [0.5      0.7      0.9        1      1.1      1.3      1.6];
x.IFMCFreq = [250   500  1000  2000  4000  6000];
x.IFMCs = [
60.1	69	64.2	61.8	57.4	55.9	 
53.6	58	58.7	51.1	48.2	45.7	 
47.8	46.7	40	56.4	47.8	45.1	 
39.7	46.5	29.1	35.2	27.9	26.6	 
35.3	45.6	39.4	31.5	33	33.3	 
67.7	61	57.6	62.7	70.7	76.3	 
57	59.6	62.4	68.2	76.9	83.6	 
];
x.IFMCs = x.IFMCs';
