function x = MTprofile8_26hr23_Apr_2012
%created: 8_26hr23_Apr_2012

x.BFs = [250   500  1000  2000  4000  6000];

x.LongTone = [19.2      15.6      14.8      40.5      42.6      37.9];
x.ShortTone = [22.2      18.5      21.3      52.4      57.6      50.2];

x.Gaps = [0.01      0.03      0.05      0.07      0.09];
x.TMCFreq = [250   500  1000  2000  4000  6000];
x.TMC = [
32.5	34.4	52.7	67	76.6	76.9	 
47.8	49.6	52.4	72.4	93.7	77.2	 
81	68.2	55.6	22.3	78.4	60.5	 
91.7	76.3	56.4	49.6	92.6	84.7	 
94.6	79.1	59	72.9	95.7	97.2	 
];
x.TMC = x.TMC';

x.MaskerRatio = [0.5      0.7      0.9        1      1.1      1.3      1.6];
x.IFMCFreq = [250   500  1000  2000  4000  6000];
x.IFMCs = [
57.5	75.3	79.1	67.1	80.5	84.8	 
42.1	54.4	64.9	59	68.7	70.6	 
33.7	38.4	58.7	50.5	76.3	81.8	 
33.9	36.5	54.2	54.5	63.1	71.3	 
32.9	38.3	48.4	58.8	74.6	84.3	 
32.3	71.6	75.8	72.7	104	NaN	 
45	74	88.3	93.3	NaN	NaN	 
];
x.IFMCs = x.IFMCs';
