function x = MTprofile18_6hr22_Nov_2012
%created: 18_6hr22_Nov_2012

x.BFs = [1000];

x.LongTone = [22.6];
x.ShortTone = [26.8];

x.Gaps = [0.01      0.03      0.05      0.07      0.09];
x.TMCFreq = [1000];
x.TMC = [
18.8	 
16.4	 
17.7	 
42.8	 
27.8	 
];
x.TMC = x.TMC';

x.MaskerRatio = [0.5      0.7      0.9        1      1.1      1.3      1.6];
x.IFMCFreq = [1000];
x.IFMCs = [
49.3	 
30.2	 
18.6	 
17.1	 
20	 
20.3	 
58.1	 
];
x.IFMCs = x.IFMCs';
