function x = MTprofile16_42hr18_Mar_2012
%created: 16_42hr18_Mar_2012

x.BFs = [1000];

x.LongTone = [2.8];
x.ShortTone = [6.56];

x.Gaps = [0.01      0.03      0.05      0.07      0.09];
x.TMCFreq = [1000];
x.TMC = [
14.2	 
15.7	 
17.6	 
19.6	 
22.1	 
];
x.TMC = x.TMC';

x.MaskerRatio = [0.5      0.7      0.9        1      1.1      1.3      1.6];
x.IFMCFreq = [1000];
x.IFMCs = [
60.7	 
39.5	 
20.8	 
15.3	 
15.3	 
27.1	 
53	 
];
x.IFMCs = x.IFMCs';
