function x = MTprofile13_31hr05_Oct_2012
%created: 13_31hr05_Oct_2012

x.BFs = [1000];

x.LongTone = [17.4];
x.ShortTone = [17.7];

x.Gaps = [0.01      0.03      0.05      0.07      0.09];
x.TMCFreq = [1000];
x.TMC = [
17.5	 
23.2	 
18.3	 
28.4	 
35.6	 
];
x.TMC = x.TMC';

x.MaskerRatio = [0.5      0.7      0.9        1      1.1      1.3      1.6];
x.IFMCFreq = [1000];
x.IFMCs = [
62.9	 
41.6	 
22.1	 
16.6	 
17.6	 
29.4	 
48.5	 
];
x.IFMCs = x.IFMCs';
