function x = MTprofile19_49hr27_Feb_2013
%created: 19_49hr27_Feb_2013

x.BFs = [250   500  1000  2000  4000  6000];

x.LongTone = [18.9      15.3      15.3      17.1        16        18];
x.ShortTone = [20.6        18      18.1        21        19      20.2];

x.Gaps = [0.01      0.03      0.05      0.07      0.09];
x.TMCFreq = [250   500  1000  2000  4000  6000];
x.TMC = [
31.6	35.4	34.9	30.1	33.9	41.6	 
36	34.6	38.9	47.8	68.1	67.5	 
38.2	61.7	48.2	47.6	94.2	NaN	 
83.2	103	59.9	46.4	91.3	NaN	 
NaN	NaN	69.8	59.7	79.4	NaN	 
];
x.TMC = x.TMC';

x.MaskerRatio = [0.5      0.7      0.9        1      1.1      1.3      1.6];
x.IFMCFreq = [250   500  1000  2000  4000  6000];
x.IFMCs = [
48.9	68.1	72.6	69.1	70.8	73.1	 
37.2	44	59.7	55	54.6	60.7	 
32.4	34.8	39.3	63.2	51.1	71.5	 
31.9	29	36.6	39.4	49.2	44.7	 
32.3	28.9	33.5	46.3	34.7	61.3	 
30.1	61.8	67.2	73.8	88.4	NaN	 
34.1	63.4	76.6	84	97.5	NaN	 
];
x.IFMCs = x.IFMCs';
