function x = MTprofile7_26hr27_Nov_2012
%created: 7_26hr27_Nov_2012

x.BFs = [4000];

x.LongTone = [23.1];
x.ShortTone = [33.3];

x.Gaps = [0.01      0.03      0.05      0.07      0.09];
x.TMCFreq = [4000];
x.TMC = [
24.7	 
20.1	 
21.8	 
33	 
43.2	 
];
x.TMC = x.TMC';

x.MaskerRatio = [0.5      0.7      0.9        1      1.1      1.3      1.6];
x.IFMCFreq = [4000];
x.IFMCs = [
11	 
42.2	 
40.5	 
18	 
-17.6	 
31.6	 
40.1	 
];
x.IFMCs = x.IFMCs';
