function x = MTprofile14_45hr22_Nov_2012
%created: 14_45hr22_Nov_2012

x.BFs = [250   500  1000  2000  4000  6000];

x.LongTone = [24.6      20.2      19.9      28.5      30.4      33.8];
x.ShortTone = [28.5      23.4      25.3      32.7      34.4        37];

x.Gaps = [0.01      0.03      0.05      0.07      0.09];
x.TMCFreq = [250   500  1000  2000  4000  6000];
x.TMC = [
42.3	34.8	41.6	49.3	55.5	52.8	 
47.6	43.9	46.6	70.3	86.1	97	 
55.5	48.3	48.4	75.4	NaN	NaN	 
78.9	59.5	59.2	NaN	NaN	NaN	 
95.4	69.1	87.3	NaN	NaN	NaN	 
];
x.TMC = x.TMC';

x.MaskerRatio = [0.5      0.7      0.9        1      1.1      1.3      1.6];
x.IFMCFreq = [250   500  1000  2000  4000  6000];
x.IFMCs = [
49.9	54.3	63.7	65.4	72.4	71.6	 
46.9	45.3	50.8	57.4	62.3	64.3	 
44.3	40.9	42.3	57.6	78.1	57.1	 
38.9	36.1	39.6	46.1	56.6	50	 
40.3	40	38	47.5	56	53.1	 
41.8	41.5	45.7	65.2	70.3	73.2	 
46.5	61.2	76.8	88.8	102	102	 
];
x.IFMCs = x.IFMCs';
