function x = MTprofile7_55hr26_Apr_2013
%created: 7_55hr26_Apr_2013

x.BFs = [1000];

x.LongTone = [15.4];
x.ShortTone = [19.7];

x.Gaps = [0.01      0.03      0.05      0.07      0.09];
x.TMCFreq = [1000];
x.TMC = [
44.2	 
62.3	 
62.2	 
79.8	 
NaN	 
];
x.TMC = x.TMC';

x.MaskerRatio = [0.5      0.7      0.9        1      1.1      1.3      1.6];
x.IFMCFreq = [1000];
x.IFMCs = [
64.1	 
55.8	 
48	 
44.8	 
41.2	 
55.7	 
61.7	 
];
x.IFMCs = x.IFMCs';
