function x = MTprofile11_40hr11_May_2012
%created: 11_40hr11_May_2012

x.BFs = [250   500  1000  2000  4000  6000];

x.LongTone = [42.7      34.4      31.8      38.2      35.9      38.2];
x.ShortTone = [49.7      40.5      37.9      44.5      43.7      43.2];

x.Gaps = [0.01      0.03      0.05      0.07      0.09];
x.TMCFreq = [250   500  1000  2000  4000  6000];
x.TMC = [
65.1	79.8	71	64.5	69	55.7	 
75.6	NaN	NaN	74.7	75.1	57.1	 
82.5	NaN	NaN	71.3	81.4	62.9	 
NaN	NaN	NaN	74.8	82	67.9	 
97.6	NaN	NaN	80.7	80.7	89.6	 
];
x.TMC = x.TMC';

x.MaskerRatio = [0.5      0.7      0.9        1      1.1      1.3      1.6];
x.IFMCFreq = [250   500  1000  2000  4000  6000];
x.IFMCs = [
69.4	87.1	87.9	65.1	63.5	61.6	 
65.5	83.2	77.6	58.5	53.6	49.4	 
62.6	83	77.1	62.5	59.6	62.1	 
66.4	78.2	77.6	69.6	54.9	55.6	 
68.3	77.7	79.3	63.4	68.8	60.2	 
67	86.4	87.7	75.9	84.4	90.7	 
57.9	85.2	95.1	89.5	93.4	NaN	 
];
x.IFMCs = x.IFMCs';
