function x = MTprofile16_50hr22_Jun_2012
%created: 16_50hr22_Jun_2012

x.BFs = [250   500  1000  2000  4000  6000];

x.LongTone = [10.1      7.71       4.7      5.23      4.05      6.55];
x.ShortTone = [15.3      11.2      11.1      12.9       8.9      13.1];

x.Gaps = [0.01      0.03      0.05      0.07      0.09];
x.TMCFreq = [250   500  1000  2000  4000  6000];
x.TMC = [
25.9	23.8	28.6	32.8	16.3	28.1	 
30.1	28.1	36.6	34.4	24.6	34.6	 
43.2	33.4	41.9	39.6	30.9	34.2	 
41.8	39.2	56.7	63.8	31.8	39.4	 
65.1	74.3	69.4	49.5	30.7	38.8	 
];
x.TMC = x.TMC';

x.MaskerRatio = [0.5      0.7      0.9        1      1.1      1.3      1.6];
x.IFMCFreq = [250   500  1000  2000  4000  6000];
x.IFMCs = [
40.3	52.9	70.7	69.4	65	67.8	 
31.8	38.4	48	63	48.8	56.3	 
27.9	27	29.1	39	27.2	40.6	 
26.5	24.5	28.6	32.3	22.6	29.4	 
26.7	24.1	29.4	33.9	27.1	38.4	 
26	27.5	42.1	53.2	49.7	69.4	 
29	40.5	82.2	92.1	97.4	NaN	 
];
x.IFMCs = x.IFMCs';
