function x = MTprofile7_53hr09_Jul_2012
%created: 7_53hr09_Jul_2012

x.BFs = [250   500  1000  2000  4000  6000];

x.LongTone = [2.72     -1.86    -0.378      5.09      4.79      5.71];
x.ShortTone = [3.35     0.556      1.47       8.2      6.92      10.8];

x.Gaps = [0.01      0.03      0.05      0.07      0.09];
x.TMCFreq = [250   500  1000  2000  4000  6000];
x.TMC = [
14.9	21.2	15.4	19.9	18.5	23.9	 
24.3	32.2	21.9	22.3	19.8	30.1	 
31.8	67.6	25.6	25.9	22.7	36.4	 
71.6	NaN	23.9	26.6	31.3	56.3	 
54.3	NaN	32	30.4	31.7	NaN	 
];
x.TMC = x.TMC';

x.MaskerRatio = [0.5      0.7      0.9        1      1.1      1.3      1.6];
x.IFMCFreq = [250   500  1000  2000  4000  6000];
x.IFMCs = [
25.7	40.4	43.2	57.5	63.1	64.2	 
20.1	27.4	28.5	55.9	49.9	51.6	 
14.9	24.2	15.2	24.7	25.1	29.9	 
14.9	18.1	12.7	19.1	17	24.8	 
12.8	20.1	16.3	20.5	20.1	28	 
14	26.4	24.8	34.1	38.9	50.3	 
16.6	38.6	46.2	68.6	63.3	79.1	 
];
x.IFMCs = x.IFMCs';
