function x = MTprofile14_45hr12_Oct_2012
%created: 14_45hr12_Oct_2012

x.BFs = [250   500  1000  2000  4000  6000];

x.LongTone = [11      7.75      6.98      12.8      13.9      15.7];
x.ShortTone = [14.5      12.2      12.6      17.8      17.5      18.2];

x.Gaps = [0.01      0.03      0.05      0.07      0.09];
x.TMCFreq = [250   500  1000  2000  4000  6000];
x.TMC = [
23.3	22.3	21.9	27.1	28.8	28.6	 
23	24.6	28.7	29.5	30.2	29.7	 
26.6	27.5	28	36.2	31.7	32	 
29.8	32	30.3	34.9	38	33.4	 
30.5	38	35.7	57.4	50.8	40.5	 
];
x.TMC = x.TMC';

x.MaskerRatio = [0.5      0.7      0.9        1      1.1      1.3      1.6];
x.IFMCFreq = [250   500  1000  2000  4000  6000];
x.IFMCs = [
32	45	51.9	67.4	71.1	67.8	 
27.7	33.8	35.5	58.6	63	61.8	 
22.3	23.5	25.2	31	31.3	31.6	 
22.4	22.3	21.9	28.9	27	27.8	 
23.5	21.3	25	30.1	28.6	30.6	 
22.1	23.7	29.2	44.6	43.9	47.7	 
25	36.8	77.6	90.7	99.9	69	 
];
x.IFMCs = x.IFMCs';
