function x = MTprofile15_57hr15_Jul_2012
%created: 15_57hr15_Jul_2012

x.BFs = [250   500  1000  2000  4000  6000];

x.LongTone = [12      7.98      6.49      4.83      2.22      3.36];
x.ShortTone = [16.4        12       9.7      9.25      5.68      7.33];

x.Gaps = [0.01      0.03      0.05      0.07      0.09];
x.TMCFreq = [250   500  1000  2000  4000  6000];
x.TMC = [
27.8	23.5	21.5	21.1	19.8	19.4	 
31.8	26.5	24.7	28.7	22.5	23.4	 
40.2	35.5	41.7	70.7	32.4	26.9	 
64.7	59.6	60.5	NaN	NaN	NaN	 
NaN	NaN	NaN	NaN	NaN	NaN	 
];
x.TMC = x.TMC';

x.MaskerRatio = [0.5      0.7      0.9        1      1.1      1.3      1.6];
x.IFMCFreq = [250   500  1000  2000  4000  6000];
x.IFMCs = [
40.5	55	66.2	63.8	60.3	57.3	 
33.6	38.3	52.6	50.2	44.5	41.6	 
28.6	26.3	25.7	29.5	26.1	27.1	 
27.7	23.4	22	22.5	17.6	19.2	 
25.9	22.4	22.3	24.4	22.2	27.3	 
27.3	27.3	34.9	55.4	51.9	60.6	 
30.8	58	67.8	77.3	87	93.6	 
];
x.IFMCs = x.IFMCs';
