function x = MTprofile17_56hr20_Nov_2012
%created: 17_56hr20_Nov_2012

x.BFs = [1000];

x.LongTone = [23.3];
x.ShortTone = [37.9];

x.Gaps = [0.01      0.03      0.05      0.07      0.09];
x.TMCFreq = [1000];
x.TMC = [
39.2	 
66.4	 
58.7	 
71.3	 
69.1	 
];
x.TMC = x.TMC';

x.MaskerRatio = [0.5      0.7      0.9        1      1.1      1.3      1.6];
x.IFMCFreq = [1000];
x.IFMCs = [
72.1	 
57.8	 
57.7	 
49.8	 
55.4	 
60.8	 
85.6	 
];
x.IFMCs = x.IFMCs';
