function x = MTprofile7_10hr26_Oct_2012
%created: 7_10hr26_Oct_2012

x.BFs = [1000];

x.LongTone = [9.08];
x.ShortTone = [13.3];

x.Gaps = [0.01      0.03      0.05      0.07      0.09];
x.TMCFreq = [1000];
x.TMC = [
27.3	 
28.3	 
47.7	 
48.3	 
62.6	 
];
x.TMC = x.TMC';

x.MaskerRatio = [0.5      0.7      0.9        1      1.1      1.3      1.6];
x.IFMCFreq = [1000];
x.IFMCs = [
74.9	 
60.4	 
29.9	 
24.3	 
27.3	 
51.3	 
81.8	 
];
x.IFMCs = x.IFMCs';
