function x = MTprofile13_6hr03_Sep_2012
%created: 13_6hr03_Sep_2012

x.BFs = [250   500  1000  2000  4000  6000];

x.LongTone = [14      10.1        10      10.6      9.91      13.5];
x.ShortTone = [16.8      13.6        15      16.3      13.5      17.1];

x.Gaps = [0.01      0.03      0.05      0.07      0.09];
x.TMCFreq = [250   500  1000  2000  4000  6000];
x.TMC = [
28.6	26.5	30.8	31.4	27.1	30.5	 
32.6	31	38.6	42.3	33	37.6	 
33.8	35.6	58.8	55.2	57.8	38.3	 
38.9	41.7	100	NaN	93.9	74.2	 
42.6	70.5	NaN	NaN	NaN	NaN	 
];
x.TMC = x.TMC';

x.MaskerRatio = [0.5      0.7      0.9        1      1.1      1.3      1.6];
x.IFMCFreq = [250   500  1000  2000  4000  6000];
x.IFMCs = [
44.4	56.8	71.9	72.3	70.3	66.1	 
37.7	42.5	58.8	61.1	53.1	52	 
30.7	30.2	35.5	38.5	36.2	35.6	 
28.5	28.3	29.8	30.7	27.4	29.3	 
27	29.1	35.6	35.5	33.3	45.7	 
26.8	38	72.3	79.7	62.3	98.1	 
29.6	60.6	78.1	88	98	NaN	 
];
x.IFMCs = x.IFMCs';
