function x = MTprofile9_41hr13_Oct_2012
%created: 9_41hr13_Oct_2012

x.BFs = [250   500  1000  2000  4000  6000];

x.LongTone = [11.6      7.59      8.12        15      14.8      15.6];
x.ShortTone = [15.9      12.3      11.7      27.4      26.6      20.8];

x.Gaps = [0.01      0.03      0.05      0.07      0.09];
x.TMCFreq = [250   500  1000  2000  4000  6000];
x.TMC = [
25.3	23.7	24.7	35.1	31.9	28.8	 
25.8	26.1	31.6	41.6	49	36.8	 
31.2	33.8	31.4	44	52	36.8	 
54.7	48.3	30.9	48.2	52	47.1	 
57.9	68.1	48.1	55	50.6	56.6	 
];
x.TMC = x.TMC';

x.MaskerRatio = [0.5      0.7      0.9        1      1.1      1.3      1.6];
x.IFMCFreq = [250   500  1000  2000  4000  6000];
x.IFMCs = [
36.1	54.8	61.5	65.1	70.2	70.5	 
32.8	35.5	39.6	54.4	60.3	60.1	 
26.1	26.1	20.3	50.5	55.8	44.4	 
25.2	21.6	31.2	43.1	36.1	28.5	 
24.6	21.7	21.1	44.6	36.6	36.2	 
24.7	24.1	35.7	59.1	65.4	63	 
28.1	64.8	77.2	89.1	100	102	 
];
x.IFMCs = x.IFMCs';
