function x = MTprofile17_25hr22_Oct_2012
%created: 17_25hr22_Oct_2012

x.BFs = [250   500  1000  2000  4000  6000];

x.LongTone = [NaN      57.2      49.1      60.9      63.5      69.6];
x.ShortTone = [NaN      54.5        49      57.2      65.5        70];

x.Gaps = [0.01      0.03      0.05      0.07      0.09];
x.TMCFreq = [250   500  1000  2000  4000  6000];
x.TMC = [
NaN	35.8	38.5	44.3	48.1	55.7	 
NaN	38.8	41.1	43.3	45.5	60.4	 
NaN	36.9	40.4	43	43.2	58	 
NaN	36.7	39.6	45.4	42.9	60.1	 
NaN	41.8	43.8	44.3	43.9	58.5	 
];
x.TMC = x.TMC';

x.MaskerRatio = [0.5      0.7      0.9        1      1.1      1.3      1.6];
x.IFMCFreq = [250   500  1000  2000  4000  6000];
x.IFMCs = [
NaN	54.5	58.2	52.6	44.2	48.2	 
NaN	49.3	45.5	36.9	28.9	34.4	 
NaN	42.4	39.1	36.6	31	50.5	 
NaN	10.8	38.4	44.6	41.1	58	 
NaN	40.6	39.7	49.4	42.7	63.7	 
NaN	33	48	57.6	61.8	74	 
NaN	39	53.2	61	52.8	84.5	 
];
x.IFMCs = x.IFMCs';
