function x = MTprofile9_3hr03_Mar_2013
%created: 9_3hr03_Mar_2013

x.BFs = [4000];

x.LongTone = [45.7];
x.ShortTone = [46.7];

x.Gaps = [0.01      0.03      0.05      0.07      0.09];
x.TMCFreq = [4000];
x.TMC = [
34.7	 
54.6	 
53	 
56.3	 
44.9	 
];
x.TMC = x.TMC';

x.MaskerRatio = [0.5      0.7      0.9        1      1.1      1.3      1.6];
x.IFMCFreq = [4000];
x.IFMCs = [
51.3	 
34.8	 
38.9	 
37.8	 
45.1	 
40.9	 
62.6	 
];
x.IFMCs = x.IFMCs';
