function x = MTprofile16_5hr14_Sep_2012
%created: 16_5hr14_Sep_2012

x.BFs = [1000];

x.LongTone = [46.8];
x.ShortTone = [45.8];

x.Gaps = [0.01      0.03      0.05      0.07      0.09];
x.TMCFreq = [1000];
x.TMC = [
39.1	 
38.4	 
42.4	 
39.9	 
29.4	 
];
x.TMC = x.TMC';

x.MaskerRatio = [0.5      0.7      0.9        1      1.1      1.3      1.6];
x.IFMCFreq = [1000];
x.IFMCs = [
52.6	 
44.5	 
37.3	 
39.2	 
38.4	 
46.1	 
53.6	 
];
x.IFMCs = x.IFMCs';
