function x = MTprofile9_8hr12_Apr_2013
%created: 9_8hr12_Apr_2013

x.BFs = [250   500  1000  2000  4000  6000];

x.LongTone = [24.2      17.5        16      12.5      10.4      11.3];
x.ShortTone = [28.7      24.6        19      15.7      12.3      14.5];

x.Gaps = [0.01      0.03      0.05      0.07      0.09];
x.TMCFreq = [250   500  1000  2000  4000  6000];
x.TMC = [
44.9	36.5	40.1	37.6	38.6	35.5	 
46.3	45.7	43.8	44.2	53.5	55.7	 
53	48.1	43.8	49.2	58.3	66.7	 
49.9	48.6	42.5	44.5	64.8	75.2	 
60.6	51.6	51.6	52.5	NaN	NaN	 
];
x.TMC = x.TMC';

x.MaskerRatio = [0.5      0.7      0.9        1      1.1      1.3      1.6];
x.IFMCFreq = [250   500  1000  2000  4000  6000];
x.IFMCs = [
54.6	62.3	59.4	53.5	51.9	50.1	 
45.8	51.6	52.1	44.4	42.3	42.1	 
42.8	42.8	42.6	46.9	46.3	47.1	 
46.5	40	36.4	37.2	38.9	33.5	 
51.5	45.5	37.5	35.6	36.5	47.7	 
56.4	50.4	49.7	55.6	62.6	70.4	 
48	50	56.1	60.7	70.9	79.6	 
];
x.IFMCs = x.IFMCs';
