function x = MTprofile12_37hr27_Nov_2012
%created: 12_37hr27_Nov_2012

x.BFs = [250   500  1000  2000  4000  6000];

x.LongTone = [1.03     -2.93     -5.42     -2.85      1.15      3.59];
x.ShortTone = [5.71       1.6         2      4.91      4.69      5.92];

x.Gaps = [0.01      0.03      0.05      0.07      0.09];
x.TMCFreq = [250   500  1000  2000  4000  6000];
x.TMC = [
20.4	16.8	19.8	18.8	20.1	17.7	 
23.5	24.9	24.6	23.1	24.7	23.6	 
30.6	33.3	24.4	42.5	74.4	29.9	 
48	47.4	31.5	88.6	NaN	77.9	 
71.7	103	83.9	NaN	NaN	NaN	 
];
x.TMC = x.TMC';

x.MaskerRatio = [0.5      0.7      0.9        1      1.1      1.3      1.6];
x.IFMCFreq = [250   500  1000  2000  4000  6000];
x.IFMCs = [
26.5	39.5	45.2	52.2	58.2	52	 
26.3	27.1	29.6	35.3	40	36	 
19.6	18.1	22.1	19.2	19.9	20.5	 
17.6	18.2	18.9	18.8	17.4	18.3	 
16.8	17	18.5	17	19.1	19.7	 
18.6	16.8	24.2	25.6	29.6	34.8	 
19.1	28.1	35.4	41.8	51.2	64.5	 
];
x.IFMCs = x.IFMCs';
