function x = MTprofile11_25hr29_Oct_2012
%created: 11_25hr29_Oct_2012

x.BFs = [1000];

x.LongTone = [48.3];
x.ShortTone = [52.5];

x.Gaps = [0.01      0.03      0.05      0.07      0.09];
x.TMCFreq = [1000];
x.TMC = [
76.1	 
87.4	 
77.4	 
NaN	 
NaN	 
];
x.TMC = x.TMC';

x.MaskerRatio = [0.5      0.7      0.9        1      1.1      1.3      1.6];
x.IFMCFreq = [1000];
x.IFMCs = [
82.5	 
72.2	 
68.9	 
67.8	 
77	 
79.7	 
99.1	 
];
x.IFMCs = x.IFMCs';
