function x = MTprofile11_34hr03_Apr_2013
%created: 11_34hr03_Apr_2013

x.BFs = [250   500  1000  2000  4000  6000];

x.LongTone = [22.7      17.9      13.2      11.3      12.8      16.3];
x.ShortTone = [26.5      20.7      17.3      17.9      16.1      20.3];

x.Gaps = [0.01      0.03      0.05      0.07      0.09];
x.TMCFreq = [250   500  1000  2000  4000  6000];
x.TMC = [
36.4	31.2	28	30.5	27.1	29.8	 
37.3	33.2	30.4	32.7	30.3	32.9	 
41.7	32.9	32.8	37.5	30.1	34.1	 
44.4	36.3	35.5	46.5	34.5	43.3	 
51.4	43.2	39.2	47.4	50.6	57.8	 
];
x.TMC = x.TMC';

x.MaskerRatio = [0.5      0.7      0.9        1      1.1      1.3      1.6];
x.IFMCFreq = [250   500  1000  2000  4000  6000];
x.IFMCs = [
49.8	56.4	53.2	47.7	44.4	41.9	 
42.3	43	46.5	41.3	36.4	38.2	 
37.1	33	32.6	46.1	40.4	40	 
35.9	32.4	27.6	28.7	25.3	31.9	 
35.2	29.9	28.8	29.9	30.8	37.4	 
58.3	47.9	48.2	52.8	58.2	65	 
44.5	46.2	51.7	57.1	65.9	71.7	 
];
x.IFMCs = x.IFMCs';
