function x = MTprofile12_27hr01_May_2012
%created: 12_27hr01_May_2012

x.BFs = [250   500  1000  2000  4000  6000];

x.LongTone = [2.63     -1.15     -1.57      1.83     -4.66     -1.49];
x.ShortTone = [11.2      7.07      6.34      7.19      4.77      7.72];

x.Gaps = [0.01      0.03      0.05      0.07      0.09];
x.TMCFreq = [250   500  1000  2000  4000  6000];
x.TMC = [
19.8	15.7	15.5	16.8	9.76	16.9	 
23.3	19	18.7	21.8	13.7	19.4	 
24.2	20.9	24.7	25.1	21	23.8	 
27.1	23.6	23.3	25.7	21.1	25	 
26.7	22.9	31.3	27.9	28.6	33.5	 
];
x.TMC = x.TMC';

x.MaskerRatio = [0.5      0.7      0.9        1      1.1      1.3      1.6];
x.IFMCFreq = [250   500  1000  2000  4000  6000];
x.IFMCs = [
34.8	45.6	61.3	60.9	57.9	59.7	 
27	30.9	41.4	49.9	43.5	47.2	 
22.9	21.2	21.2	25.8	21.1	28.9	 
20.5	17	17.3	18.6	13.4	16.8	 
19.2	16.4	17.4	18.6	19	24.1	 
21.1	20.3	26.3	34.9	40.6	50.6	 
23.5	33.6	70.4	80.6	89.5	NaN	 
];
x.IFMCs = x.IFMCs';
