function x = MTprofile15_25hr11_Jul_2012
%created: 15_25hr11_Jul_2012

x.BFs = [250   500  1000  2000  4000  6000];

x.LongTone = [2.24     -1.32    -0.815      5.73       5.1      6.13];
x.ShortTone = [3.79     0.692      1.25      8.81      8.33      9.19];

x.Gaps = [0.01      0.03      0.05      0.07      0.09];
x.TMCFreq = [250   500  1000  2000  4000  6000];
x.TMC = [
15.3	23.6	13.4	19.4	21.9	22.8	 
32	32.7	15.5	24.4	25.2	23.9	 
34.6	74.6	22.4	24.6	28.2	27.1	 
47	NaN	24	23.2	40.2	39.4	 
NaN	NaN	40.8	33.4	71.4	51.8	 
];
x.TMC = x.TMC';

x.MaskerRatio = [0.5      0.7      0.9        1      1.1      1.3      1.6];
x.IFMCFreq = [250   500  1000  2000  4000  6000];
x.IFMCs = [
24.6	41.8	47.3	57.8	64	61.5	 
21.6	32.5	26.6	56.2	53.4	48.2	 
16.5	24.5	14.6	26.8	27.5	25.6	 
15.7	20.2	13.8	20.9	21.6	20.7	 
13.9	20.2	14.3	20.3	23	24.9	 
14.4	29.1	26.1	34.5	41.5	47.2	 
18.4	42.7	45.6	83.8	76	68.6	 
];
x.IFMCs = x.IFMCs';
