function x = MTprofile10_34hr23_Oct_2012
%created: 10_34hr23_Oct_2012

x.BFs = [250   500  1000  2000  4000  6000];

x.LongTone = [13      8.91      7.67      7.27      4.13      5.81];
x.ShortTone = [13.2       9.8      8.14       7.5      4.49      6.48];

x.Gaps = [0.01      0.03      0.05      0.07      0.09];
x.TMCFreq = [250   500  1000  2000  4000  6000];
x.TMC = [
NaN	14.5	8.36	6.22	3.22	4.42	 
NaN	23.3	12.8	8.48	2.91	7.87	 
NaN	49.5	14	12.5	5.34	9.08	 
NaN	69.9	10.5	13.3	5.85	8.51	 
NaN	NaN	51.1	17.9	6.87	20.7	 
];
x.TMC = x.TMC';

x.MaskerRatio = [0.5      0.7      0.9        1      1.1      1.3      1.6];
x.IFMCFreq = [250   500  1000  2000  4000  6000];
x.IFMCs = [
NaN	38.8	58.6	64.1	59	57.4	 
NaN	26.6	32.1	50.7	37.3	40.1	 
NaN	16.5	12.9	13.1	12.1	13.7	 
NaN	13.7	8.74	6.33	2.16	5.92	 
NaN	13.6	7.54	9.13	7.1	12.2	 
NaN	18.8	19.6	25.2	30.3	41.4	 
NaN	26.9	38.5	62.2	61.9	73.1	 
];
x.IFMCs = x.IFMCs';
