function x = MTprofile8_59hr01_Nov_2012
%created: 8_59hr01_Nov_2012

x.BFs = [250   500  1000  2000  4000  6000];

x.LongTone = [23.2      20.5      23.3        42      51.6      50.6];
x.ShortTone = [27      24.6      31.3      52.9      71.7      83.2];

x.Gaps = [0.01      0.03      0.05      0.07      0.09];
x.TMCFreq = [250   500  1000  2000  4000  6000];
x.TMC = [
45.7	44.2	47	63.3	55.5	92.6	 
56.9	54.2	50.9	76.8	40.6	NaN	 
57.1	61.9	55.2	84.8	35.5	NaN	 
82.6	69.9	55.7	90.5	55.2	NaN	 
NaN	74.2	73.6	99.8	50.9	NaN	 
];
x.TMC = x.TMC';

x.MaskerRatio = [0.5      0.7      0.9        1      1.1      1.3      1.6];
x.IFMCFreq = [250   500  1000  2000  4000  6000];
x.IFMCs = [
61.2	71.1	72.7	76.7	70.8	79.5	 
55	57.9	57.9	60.6	55.6	74.2	 
47.1	48.7	49.6	69.4	76.2	92.7	 
48.6	47.2	47.3	57.2	15.3	86.5	 
47.5	52	44.9	66.5	61.3	89.3	 
54.2	59.3	62.7	75.8	53.5	NaN	 
67.8	69.7	88.2	106	NaN	NaN	 
];
x.IFMCs = x.IFMCs';
