function x = MTprofile17_51hr08_Jul_2012
%created: 17_51hr08_Jul_2012

x.BFs = [250   500  1000  2000  4000  6000];

x.LongTone = [2.21     -2.41    -0.876      3.62      5.14      5.69];
x.ShortTone = [4.58     0.456      1.44        11      9.34      8.44];

x.Gaps = [0.01      0.03      0.05      0.07      0.09];
x.TMCFreq = [250   500  1000  2000  4000  6000];
x.TMC = [
18.6	20.5	13.4	30.5	22.1	19	 
27.4	44.5	21.7	44.7	33.5	22.6	 
71.2	64.4	29.1	60.8	47	21.6	 
NaN	NaN	34.2	88.5	68.5	31.7	 
NaN	NaN	37.7	NaN	86.1	33	 
];
x.TMC = x.TMC';

x.MaskerRatio = [0.5      0.7      0.9        1      1.1      1.3      1.6];
x.IFMCFreq = [250   500  1000  2000  4000  6000];
x.IFMCs = [
29.6	43.2	54.2	66.7	65.6	62.6	 
23.8	30.7	34.7	55	49.1	46.5	 
19.5	21.8	16.4	62.3	29.8	28.8	 
18.6	21.5	13.9	37.7	21.6	18.7	 
18.9	22.7	16.1	25.6	26.2	25.4	 
18	28.6	38.3	71.9	78	76	 
21.1	59.7	69.9	82.6	91.7	102	 
];
x.IFMCs = x.IFMCs';
