function x = MTprofile6_55hr25_Oct_2012
%created: 6_55hr25_Oct_2012

x.BFs = [1000];

x.LongTone = [-2.3];
x.ShortTone = [0.277];

x.Gaps = [0.01      0.03      0.05      0.07      0.09];
x.TMCFreq = [1000];
x.TMC = [
12.7	 
19.9	 
83.1	 
NaN	 
NaN	 
];
x.TMC = x.TMC';

x.MaskerRatio = [0.5      0.7      0.9        1      1.1      1.3      1.6];
x.IFMCFreq = [1000];
x.IFMCs = [
61.8	 
38.1	 
19.2	 
14.6	 
12.6	 
25.8	 
47.1	 
];
x.IFMCs = x.IFMCs';
