function x = MTprofile17_37hr02_Mar_2013
%created: 17_37hr02_Mar_2013

x.BFs = [250   500  1000  2000  4000  6000];

x.LongTone = [27.5      24.1      25.1      32.7        46      40.9];
x.ShortTone = [32.5      29.7      29.2      39.9      58.3      99.2];

x.Gaps = [0.01      0.03      0.05      0.07      0.09];
x.TMCFreq = [250   500  1000  2000  4000  6000];
x.TMC = [
37.9	39.2	39.2	47.4	40.2	73.2	 
38.5	46.7	45.4	49.5	46.4	NaN	 
41.2	45.1	45.8	50.4	60.2	93.8	 
42.7	47.3	46.7	55.3	47.5	86.5	 
47.2	49.1	51.8	52.9	63.3	87.4	 
];
x.TMC = x.TMC';

x.MaskerRatio = [0.5      0.7      0.9        1      1.1      1.3      1.6];
x.IFMCFreq = [250   500  1000  2000  4000  6000];
x.IFMCs = [
61.2	73.9	73.2	67.9	64.9	73.8	 
51.3	58.5	62	55.3	46.9	58.9	 
42.9	41.5	49.5	61.4	63	58	 
38.2	42.4	39.7	45.8	44.2	69.4	 
35.4	46.1	42.5	47.9	52.5	73.9	 
41.7	61	64	75.6	73.9	NaN	 
54.9	61.8	72.9	85.6	99.9	NaN	 
];
x.IFMCs = x.IFMCs';
