function x = MTprofile18_59hr29_Mar_2013
%created: 18_59hr29_Mar_2013

x.BFs = [1000];

x.LongTone = [8.09];
x.ShortTone = [10.2];

x.Gaps = [0.01      0.03      0.05      0.07      0.09];
x.TMCFreq = [1000];
x.TMC = [
23.9	 
28.8	 
30.3	 
48.6	 
62.1	 
];
x.TMC = x.TMC';

x.MaskerRatio = [0.5      0.7      0.9        1      1.1      1.3      1.6];
x.IFMCFreq = [1000];
x.IFMCs = [
65.1	 
53.8	 
30	 
24.3	 
26.2	 
39.8	 
70.4	 
];
x.IFMCs = x.IFMCs';
