function x = MTprofile23_1hr28_Mar_2013
%created: 23_1hr28_Mar_2013

x.BFs = [250   500  1000  2000  4000  6000];

x.LongTone = [15.7      8.99      4.05      5.97      7.06      8.36];
x.ShortTone = [18.8        12       6.7      9.58      11.7      15.2];

x.Gaps = [0.01      0.03      0.05      0.07      0.09];
x.TMCFreq = [250   500  1000  2000  4000  6000];
x.TMC = [
28	24.4	23.3	20.9	23.5	29.7	 
31.1	26.5	23.2	22	28.9	30.3	 
33.1	27.7	24.8	25	34.9	35.6	 
33.1	30	29.6	27.3	52.2	40.7	 
34.8	30	33.6	30.1	55.7	63.9	 
];
x.TMC = x.TMC';

x.MaskerRatio = [0.5      0.7      0.9        1      1.1      1.3      1.6];
x.IFMCFreq = [250   500  1000  2000  4000  6000];
x.IFMCs = [
36.5	45.9	45.4	35	36	37.3	 
31.4	34.3	32.6	21.5	22.2	25	 
28.6	26.9	24.4	29.4	30.4	34.1	 
28.4	23.4	21.7	20.6	25.3	27.2	 
28.9	25.7	20.1	19.2	26.6	36.9	 
34.3	33.2	37	41.2	58.4	68.4	 
26.7	31.7	45.4	52.3	68.1	83	 
];
x.IFMCs = x.IFMCs';
