function x = MTprofile16_26hr03_Nov_2012
%created: 16_26hr03_Nov_2012

x.BFs = [1000];

x.LongTone = [10.9];
x.ShortTone = [14];

x.Gaps = [0.01      0.03      0.05      0.07      0.09];
x.TMCFreq = [1000];
x.TMC = [
29.2	 
39.2	 
45.6	 
46.7	 
82	 
];
x.TMC = x.TMC';

x.MaskerRatio = [0.5      0.7      0.9        1      1.1      1.3      1.6];
x.IFMCFreq = [1000];
x.IFMCs = [
60.6	 
44.6	 
29.8	 
27.8	 
27.7	 
51.4	 
75.7	 
];
x.IFMCs = x.IFMCs';
