function x = MTprofile7_58hr23_Oct_2012
%created: 7_58hr23_Oct_2012

x.BFs = [250   500  1000  2000  4000  6000];

x.LongTone = [NaN      49.9      46.6      52.8      59.6      65.3];
x.ShortTone = [NaN      50.1      47.3      53.3      59.3      65.4];

x.Gaps = [0.01      0.03      0.05      0.07      0.09];
x.TMCFreq = [250   500  1000  2000  4000  6000];
x.TMC = [
NaN	51.3	46.8	53.3	58.3	66.5	 
NaN	63.8	62.4	57.3	60	73.6	 
NaN	58.3	75.5	58.9	69	78.1	 
NaN	95.7	NaN	59.9	63	90.8	 
NaN	NaN	85.2	89.1	82.6	88.8	 
];
x.TMC = x.TMC';

x.MaskerRatio = [0.5      0.7      0.9        1      1.1      1.3      1.6];
x.IFMCFreq = [250   500  1000  2000  4000  6000];
x.IFMCs = [
NaN	68.6	64.5	60	57.9	58.1	 
NaN	61.5	53	46.7	42.7	42.7	 
NaN	55.8	48.4	48.9	51.8	59.9	 
NaN	51.4	51.8	52.6	57.5	65.2	 
NaN	50.2	49.5	56.2	62.6	72.1	 
NaN	47.5	57.8	65.5	73.1	81.5	 
NaN	54.3	64	73.6	81.1	90.4	 
];
x.IFMCs = x.IFMCs';
