function x = MTprofile15_46hr10_Oct_2012
%created: 15_46hr10_Oct_2012

x.BFs = [250   500  1000  2000  4000  6000];

x.LongTone = [9.48       5.9      3.89      2.76    -0.533     0.725];
x.ShortTone = [11.9      8.51       5.9      4.49       1.7      3.41];

x.Gaps = [0.01      0.03      0.05      0.07      0.09];
x.TMCFreq = [250   500  1000  2000  4000  6000];
x.TMC = [
23.6	21.6	18.1	16.3	14.6	15.9	 
26.4	23.8	27	23.6	23.7	19.7	 
35.3	NaN	101	68.5	57.1	41.1	 
58.6	NaN	NaN	NaN	NaN	NaN	 
NaN	NaN	NaN	NaN	NaN	NaN	 
];
x.TMC = x.TMC';

x.MaskerRatio = [0.5      0.7      0.9        1      1.1      1.3      1.6];
x.IFMCFreq = [250   500  1000  2000  4000  6000];
x.IFMCs = [
36.6	44.9	55.4	59.8	57.9	55.7	 
29	33.7	38.3	55.7	43.9	40.6	 
24.4	23.8	22.9	22.5	20.6	21.8	 
23.5	20.8	17.8	17.3	14.7	16.5	 
23.2	20.5	18.2	19.3	17.2	21	 
23.8	22.7	26.3	29.3	35.3	40.8	 
26.2	34.4	42.7	52.3	59.7	68.3	 
];
x.IFMCs = x.IFMCs';
