function x = MTprofile11_11hr22_Nov_2012
%created: 11_11hr22_Nov_2012

x.BFs = [250   500  1000  2000  4000  6000];

x.LongTone = [22.9      17.6      16.1      24.8        28      32.1];
x.ShortTone = [26.4      23.2      22.7      31.2      32.2      36.3];

x.Gaps = [0.01      0.03      0.05      0.07      0.09];
x.TMCFreq = [250   500  1000  2000  4000  6000];
x.TMC = [
38.8	40.6	37.2	52.1	48.1	52	 
42	43.7	42.4	61	53.8	103	 
49.9	55.9	48.8	86.3	74.9	NaN	 
54.1	63.2	66.2	NaN	NaN	NaN	 
90.5	NaN	64.8	NaN	NaN	NaN	 
];
x.TMC = x.TMC';

x.MaskerRatio = [0.5      0.7      0.9        1      1.1      1.3      1.6];
x.IFMCFreq = [250   500  1000  2000  4000  6000];
x.IFMCs = [
47.4	56.1	59.7	65.5	68.8	71.2	 
42	46.2	47	54.5	58	63.3	 
40.2	43.1	39.8	60.6	60.8	85.5	 
37.7	40	37.7	48.3	45.8	51	 
36.2	37.3	37.9	47.3	46.4	55.7	 
38.8	41.5	47.1	61.6	63.2	83.6	 
43	64.1	74.1	88.4	98.7	NaN	 
];
x.IFMCs = x.IFMCs';
