function x = MTprofile11_11hr29_Oct_2012
%created: 11_11hr29_Oct_2012

x.BFs = [1000];

x.LongTone = [14.7];
x.ShortTone = [21.1];

x.Gaps = [0.01      0.03      0.05      0.07      0.09];
x.TMCFreq = [1000];
x.TMC = [
29.3	 
32.4	 
32.9	 
36.6	 
44.2	 
];
x.TMC = x.TMC';

x.MaskerRatio = [0.5      0.7      0.9        1      1.1      1.3      1.6];
x.IFMCFreq = [1000];
x.IFMCs = [
69	 
53.9	 
32.8	 
31.8	 
29.7	 
43.6	 
77.4	 
];
x.IFMCs = x.IFMCs';
