function x = MTprofile11_0hr22_Oct_2012
%created: 11_0hr22_Oct_2012

x.BFs = [250   500  1000  2000  4000  6000];

x.LongTone = [NaN      51.6      49.1      56.5      61.9      68.1];
x.ShortTone = [NaN      51.7      49.1      56.3      64.5      68.8];

x.Gaps = [0.01      0.03      0.05      0.07      0.09];
x.TMCFreq = [250   500  1000  2000  4000  6000];
x.TMC = [
NaN	44.3	40.4	45.8	47.1	59.3	 
NaN	47.3	40.6	46.8	51.4	61.9	 
NaN	45.8	42.5	46.7	49.4	60.7	 
NaN	45.9	41.4	45.9	49.8	62.9	 
NaN	48.5	43.6	46	48.4	61.1	 
];
x.TMC = x.TMC';

x.MaskerRatio = [0.5      0.7      0.9        1      1.1      1.3      1.6];
x.IFMCFreq = [250   500  1000  2000  4000  6000];
x.IFMCs = [
NaN	62.6	58.4	54.6	50.9	50.9	 
NaN	53.5	48	40.4	33.9	37.4	 
NaN	48.2	40.9	39.8	45.6	53.2	 
NaN	45.1	41	45.4	51.6	60	 
NaN	44.5	42.4	49.2	55.3	65	 
NaN	43.4	48.6	58.7	64.2	74.5	 
NaN	46.1	56	63.3	71.8	85	 
];
x.IFMCs = x.IFMCs';
