function x = MTprofile11_17hr29_Oct_2012
%created: 11_17hr29_Oct_2012

x.BFs = [1000];

x.LongTone = [10.6];
x.ShortTone = [15];

x.Gaps = [0.01      0.03      0.05      0.07      0.09];
x.TMCFreq = [1000];
x.TMC = [
21.2	 
28.6	 
31	 
34.3	 
41.9	 
];
x.TMC = x.TMC';

x.MaskerRatio = [0.5      0.7      0.9        1      1.1      1.3      1.6];
x.IFMCFreq = [1000];
x.IFMCs = [
67.4	 
45.6	 
25.3	 
27.3	 
25.8	 
34.5	 
77.7	 
];
x.IFMCs = x.IFMCs';
