function x = MTprofile18_11hr11_Apr_2013
%created: 18_11hr11_Apr_2013

x.BFs = [250   500  1000  2000  4000  6000];

x.LongTone = [22.7      18.6      15.8      15.9      18.1        23];
x.ShortTone = [27.3      22.6      20.8      20.4      21.8      26.6];

x.Gaps = [0.01      0.03      0.05      0.07      0.09];
x.TMCFreq = [250   500  1000  2000  4000  6000];
x.TMC = [
40.6	36.8	38.8	37.6	41.7	43.8	 
47.1	40.3	49.4	50.5	61	64.3	 
64.1	46.5	96.3	61.1	69.5	77.2	 
75.2	73.2	NaN	85	77.4	NaN	 
NaN	NaN	NaN	NaN	NaN	NaN	 
];
x.TMC = x.TMC';

x.MaskerRatio = [0.5      0.7      0.9        1      1.1      1.3      1.6];
x.IFMCFreq = [250   500  1000  2000  4000  6000];
x.IFMCs = [
54.8	62.6	65.2	59.3	57.6	56.7	 
46.1	49.4	57.5	51.8	49.2	52.1	 
43.2	38.8	45.3	56.7	55.3	59.4	 
40.2	35.1	38.2	39.9	41.1	46.5	 
40.1	35.2	39.1	41.7	44.6	56	 
40.9	56.7	59	65.7	74.8	84.9	 
51.9	57	66.3	74.2	83.5	93.8	 
];
x.IFMCs = x.IFMCs';
