function x = MTprofile14_18hr14_Oct_2012
%created: 14_18hr14_Oct_2012

x.BFs = [250   500  1000  2000  4000  6000];

x.LongTone = [11.6      8.88      8.96      14.2      15.1        18];
x.ShortTone = [15.2      12.5      11.3      17.4      18.5      20.5];

x.Gaps = [0.01      0.03      0.05      0.07      0.09];
x.TMCFreq = [250   500  1000  2000  4000  6000];
x.TMC = [
28.1	25.9	23.9	30.9	36.9	47.7	 
32.4	42.8	33.5	29.2	41.1	65.9	 
54.6	67.5	38.5	48.2	60.6	NaN	 
73.7	88	46.6	39.1	66.3	NaN	 
NaN	NaN	67.8	40.8	NaN	NaN	 
];
x.TMC = x.TMC';

x.MaskerRatio = [0.5      0.7      0.9        1      1.1      1.3      1.6];
x.IFMCFreq = [250   500  1000  2000  4000  6000];
x.IFMCs = [
35.2	56.2	59.6	72.3	74.5	75.7	 
33.8	36.9	36.7	58.5	62.1	65.7	 
28	26.9	25.3	34.4	45.7	55.1	 
27	23.5	22	27.6	32.4	40.8	 
25.2	25.4	21.6	28.2	30.4	42.3	 
26.3	26.1	32.6	49.6	64.2	79.5	 
28.3	68	79.6	90.4	103	NaN	 
];
x.IFMCs = x.IFMCs';
