function x = MTprofile18_33hr02_Nov_2012
%created: 18_33hr02_Nov_2012

x.BFs = [1000];

x.LongTone = [43.8];
x.ShortTone = [47.7];

x.Gaps = [0.01      0.03      0.05      0.07      0.09];
x.TMCFreq = [1000];
x.TMC = [
61.2	 
65.3	 
67.9	 
70.2	 
69.1	 
];
x.TMC = x.TMC';

x.MaskerRatio = [0.5      0.7      0.9        1      1.1      1.3      1.6];
x.IFMCFreq = [1000];
x.IFMCs = [
80.6	 
70.6	 
62.7	 
59.8	 
62	 
68	 
78.5	 
];
x.IFMCs = x.IFMCs';
