function x = MTprofile16_35hr21_Nov_2012
%created: 16_35hr21_Nov_2012

x.BFs = [250   500  1000  2000  4000  6000];

x.LongTone = [24.6      23.2      26.3      41.1      51.1      39.4];
x.ShortTone = [27.4      23.4      27.3      41.5        45      53.1];

x.Gaps = [0.01      0.03      0.05      0.07      0.09];
x.TMCFreq = [250   500  1000  2000  4000  6000];
x.TMC = [
11.6	29.6	21	19.1	15.3	25.5	 
14	37	25.2	24.9	14.7	25.4	 
16.6	52.7	25.6	19.1	20.1	26.3	 
14.6	54.4	25.7	29.1	11.8	26.5	 
8.54	86.8	23.9	25.2	16	26.9	 
];
x.TMC = x.TMC';

x.MaskerRatio = [0.5      0.7      0.9        1      1.1      1.3      1.6];
x.IFMCFreq = [250   500  1000  2000  4000  6000];
x.IFMCs = [
20.8	57.7	46.1	61.3	31.3	63.1	 
6.65	38.2	34.3	43.8	44.6	59.7	 
7.04	27.8	23.7	36.2	18.7	25.2	 
13.8	28.1	22.5	17.9	16.2	22.1	 
12.2	26.3	23.9	20.4	17.7	26.4	 
14.9	29.1	39.2	29.8	25.3	39.1	 
14.3	50.2	60.7	68.7	49.4	104	 
];
x.IFMCs = x.IFMCs';
