function x = MTprofile18_30hr08_Jul_2012
%created: 18_30hr08_Jul_2012

x.BFs = [250   500  1000  2000  4000  6000];

x.LongTone = [-6.44     -10.3     -10.9     -9.88     -12.5     -13.9];
x.ShortTone = [-2.22     -4.36     -5.95     -5.72     -5.37     -4.52];

x.Gaps = [0.01      0.03      0.05      0.07      0.09];
x.TMCFreq = [250   500  1000  2000  4000  6000];
x.TMC = [
9.15	10.1	9.75	7.33	13.3	7.45	 
10.5	11.4	16.5	11.1	15.6	20.4	 
13.7	28.3	27.3	11	19	18.1	 
25.7	38.7	39.9	21.1	24.8	18.9	 
22.4	78.7	45.9	20.4	20.2	19.9	 
];
x.TMC = x.TMC';

x.MaskerRatio = [0.5      0.7      0.9        1      1.1      1.3      1.6];
x.IFMCFreq = [250   500  1000  2000  4000  6000];
x.IFMCs = [
20.4	34.4	43.9	47.2	52.4	51.6	 
14.5	20.7	24.6	44.2	41.9	38.7	 
9.84	12.4	12.7	14.8	21.9	18.6	 
8.26	8.58	8.54	9.78	12.3	14.8	 
7.57	10.3	7.93	12.2	14.4	13.6	 
6.92	12.1	22.1	22.9	33	42.2	 
10.7	26.3	66.4	73.5	60.1	58.5	 
];
x.IFMCs = x.IFMCs';
