function x = MTprofile18_58hr25_Oct_2012
%created: 18_58hr25_Oct_2012

x.BFs = [1000];

x.LongTone = [22.5];
x.ShortTone = [25.6];

x.Gaps = [0.01      0.03      0.05      0.07      0.09];
x.TMCFreq = [1000];
x.TMC = [
16.7	 
17.4	 
16.5	 
23.7	 
15.4	 
];
x.TMC = x.TMC';

x.MaskerRatio = [0.5      0.7      0.9        1      1.1      1.3      1.6];
x.IFMCFreq = [1000];
x.IFMCs = [
68.4	 
60.4	 
20	 
17.1	 
18.4	 
38	 
81.6	 
];
x.IFMCs = x.IFMCs';
