function x = MTprofile14_35hr10_Mar_2012
%created: 14_35hr10_Mar_2012

x.BFs = [250   500  1000  2000  4000  8000];

x.LongTone = [-3.95     -5.89     -8.51     -4.55     0.984      4.13];
x.ShortTone = [0.705     -1.46     -2.93      1.48       7.9      16.6];

x.Gaps = [0.01      0.03      0.05      0.07      0.09];
x.TMCFreq = [250   500  1000  2000  4000  8000];
x.TMC = [
10.9	11.1	7.98	17.6	34.9	30.7	 
18	12.5	10.7	42	43.4	40.6	 
18.6	25	18.3	53.2	40.2	67.4	 
30.9	59.1	49.5	72.6	65.9	68.3	 
59.4	38.8	58.6	78	64.6	75.9	 
];
x.TMC = x.TMC';

x.MaskerRatio = [0.5      0.7      0.9        1      1.1      1.3      1.6];
x.IFMCFreq = [250   500  1000  2000  4000  8000];
x.IFMCs = [
16.8	27.9	44.8	63.9	64.4	77.6	 
13.6	17.1	20.6	41.6	56.5	82.2	 
11.8	12.9	12	35.2	20.6	50.3	 
12	8.88	8.27	20.4	24.4	35.4	 
13.4	9.95	7.05	28.3	20.1	35	 
12.3	11.2	12.6	45.3	41.3	63.7	 
15.8	19.1	49.2	83.8	89.3	94.4	 
];
x.IFMCs = x.IFMCs';
