function x = MTprofile12_23hr29_Oct_2012
%created: 12_23hr29_Oct_2012

x.BFs = [250   500  1000  2000  4000  6000];

x.LongTone = [76.9      66.4      65.7      76.2      84.2      88.7];
x.ShortTone = [78.7      66.2      67.3      77.2       NaN      91.3];

x.Gaps = [0.01      0.03      0.05      0.07      0.09];
x.TMCFreq = [250   500  1000  2000  4000  6000];
x.TMC = [
70.1	62.3	60.5	66.3	NaN	77.5	 
73.1	68.6	62.4	65.7	NaN	81.8	 
72.8	67.1	64.7	66.8	NaN	79.6	 
79.5	69.7	68.7	66.8	NaN	84.6	 
74.4	73.6	65.6	64.1	NaN	79.2	 
];
x.TMC = x.TMC';

x.MaskerRatio = [0.5      0.7      0.9        1      1.1      1.3      1.6];
x.IFMCFreq = [250   500  1000  2000  4000  6000];
x.IFMCs = [
79.2	78	74.1	69	NaN	73.5	 
74.3	70.7	64.4	57.9	NaN	57.1	 
71.6	65.2	61	60.3	NaN	74.8	 
70.3	63.3	61	64.5	NaN	80.3	 
66.9	63.7	63.7	71.2	NaN	86.6	 
62.6	61.4	70.2	76.2	NaN	94.2	 
60.8	64.9	81.3	84.6	NaN	105	 
];
x.IFMCs = x.IFMCs';
