function x = MTprofile10_3hr03_Mar_2013
%created: 10_3hr03_Mar_2013

x.BFs = [1000];

x.LongTone = [1.46];
x.ShortTone = [3.85];

x.Gaps = [0.01      0.03      0.05      0.07      0.09];
x.TMCFreq = [1000];
x.TMC = [
6.52	 
6.26	 
7.99	 
5.95	 
8.33	 
];
x.TMC = x.TMC';

x.MaskerRatio = [0.5      0.7      0.9        1      1.1      1.3      1.6];
x.IFMCFreq = [1000];
x.IFMCs = [
55.4	 
29.7	 
10.1	 
5.01	 
4.74	 
15.1	 
58.9	 
];
x.IFMCs = x.IFMCs';
