function x = MTprofileparamX2_16_27hr26_Apr_2013
%created: 17_6hr26_Apr_2013

x.BFs = [250   500  1000  2000  4000  6000];

x.LongTone = [24.4      18.5      16.4      7.97      9.56      12.9];
x.ShortTone = [28.2      23.9        19      16.9        13      14.8];

x.Gaps = [0.01      0.03      0.05      0.07      0.09];
x.TMCFreq = [250   500  1000  2000  4000  6000];
x.TMC = [
40.9	39.5	35.6	33.8	27.6	27.8	 
52.2	49.2	46.5	53.9	34.5	36.4	 
80.1	NaN	85.2	105	50.1	52.2	 
NaN	NaN	NaN	NaN	NaN	NaN	 
NaN	NaN	NaN	NaN	NaN	NaN	 
];
x.TMC = x.TMC';

x.MaskerRatio = [0.5      0.7      0.9        1      1.1      1.3      1.6];
x.IFMCFreq = [250   500  1000  2000  4000  6000];
x.IFMCs = [
59.3	66.5	65.4	60.2	53.6	51.1	 
48.6	53.3	56.9	49.1	42	41.6	 
43	42.1	42.2	55.4	39.4	38.2	 
41.3	38.8	34.7	32.7	28	31.7	 
41.3	40.9	36.9	33.3	31.5	35.3	 
44.1	57.9	57.7	62.4	66.1	74.9	 
52.4	57	61.8	67.9	73.3	79	 
];
x.IFMCs = x.IFMCs';
