function x = MTprofile18_42hr28_Nov_2012
%created: 18_42hr28_Nov_2012

x.BFs = [250   500  1000  2000  4000  6000];

x.LongTone = [8.88       3.5      5.26      7.66      7.43      9.04];
x.ShortTone = [10.5       6.1      6.53      11.3      9.58      10.4];

x.Gaps = [0.01      0.03      0.05      0.07      0.09];
x.TMCFreq = [250   500  1000  2000  4000  6000];
x.TMC = [
22	15.8	18.8	35.8	34.3	23.5	 
31.2	26	20.9	75.8	102	49.3	 
30.7	24.3	24.2	NaN	NaN	NaN	 
35.5	36.5	27.4	NaN	NaN	NaN	 
37.1	47.3	40.1	NaN	NaN	NaN	 
];
x.TMC = x.TMC';

x.MaskerRatio = [0.5      0.7      0.9        1      1.1      1.3      1.6];
x.IFMCFreq = [250   500  1000  2000  4000  6000];
x.IFMCs = [
31.1	38.5	41.6	69	68.7	67.4	 
26.3	25.6	33.6	58.9	71.1	70	 
21.3	20.6	20.6	30.8	52.8	26.5	 
18.6	20.6	18.6	26.5	32.9	23.5	 
23.1	17.5	19.2	50.8	37.4	24.2	 
18.6	17.6	22.4	67.9	50.7	44.9	 
26.2	28.1	39.9	71.3	72	NaN	 
];
x.IFMCs = x.IFMCs';
