function x = MTprofile17_0hr06_Feb_2012
%created: 17_0hr06_Feb_2012

x.BFs = [250   500  1000  2000  4000  8000];

x.LongTone = [8.08      4.75      6.03      8.72      13.4      19.4];
x.ShortTone = [11.4      9.24      8.86      11.5      18.9      21.4];

x.Gaps = [0.01      0.03      0.05      0.07      0.09];
x.TMCFreq = [250   500  1000  2000  4000  8000];
x.TMC = [
22.3	24.5	21	24.5	31.5	31.3	 
27.8	29	29.8	25.6	35.4	36.3	 
37.6	36.6	31.9	34.4	43.9	36	 
65	60.2	49.4	29.9	48.3	40.9	 
72	68.1	67.6	40.9	55.2	47.5	 
];
x.TMC = x.TMC';

x.MaskerRatio = [0.5      0.7      0.9        1      1.1      1.3      1.6];
x.IFMCFreq = [250   500  1000  2000  4000  8000];
x.IFMCs = [
28.2	45.1	55.9	67.2	71.5	73.9	 
25.5	32.5	38.5	44.7	73.9	65.4	 
23.6	24.9	23.7	27.3	36.5	33.6	 
22.8	23.7	22.3	29.2	35.1	32.9	 
22.7	22.4	22.6	25	33.6	33.9	 
22.5	24.9	30.9	36.1	52.1	49.3	 
27.8	37.7	60.7	92.2	97.7	77.5	 
];
x.IFMCs = x.IFMCs';
