function x = MTprofile18_53hr25_Oct_2012
%created: 18_53hr25_Oct_2012

x.BFs = [1000];

x.LongTone = [39];
x.ShortTone = [44.1];

x.Gaps = [0.01      0.03      0.05      0.07      0.09];
x.TMCFreq = [1000];
x.TMC = [
33.1	 
51.9	 
69.6	 
63.9	 
65.7	 
];
x.TMC = x.TMC';

x.MaskerRatio = [0.5      0.7      0.9        1      1.1      1.3      1.6];
x.IFMCFreq = [1000];
x.IFMCs = [
83.2	 
76.2	 
48.8	 
48.7	 
53.5	 
59.3	 
99.4	 
];
x.IFMCs = x.IFMCs';
