function x = MTprofile6_53hr26_Oct_2012
%created: 6_53hr26_Oct_2012

x.BFs = [1000];

x.LongTone = [9.08];
x.ShortTone = [15.4];

x.Gaps = [0.01      0.03      0.05      0.07      0.09];
x.TMCFreq = [1000];
x.TMC = [
25.3	 
28.5	 
38.2	 
47	 
51.1	 
];
x.TMC = x.TMC';

x.MaskerRatio = [0.5      0.7      0.9        1      1.1      1.3      1.6];
x.IFMCFreq = [1000];
x.IFMCs = [
77.6	 
63.5	 
30.2	 
27.3	 
28.4	 
48.3	 
83.3	 
];
x.IFMCs = x.IFMCs';
