function x = MTprofileEt3_8_39hr25_May_2013
%created: 9_11hr25_May_2013

x.BFs = [250   500  1000  2000  4000  6000];

x.LongTone = [37.5      34.7      30.6      30.3      25.5      26.2];
x.ShortTone = [39.7      36.8      33.3      30.8      26.3      31.1];

x.Gaps = [0.01      0.03      0.05      0.07      0.09];
x.TMCFreq = [250   500  1000  2000  4000  6000];
x.TMC = [
51.7	62.9	62.8	23.1	39.4	41.6	 
66.3	NaN	49.6	23.6	73	48.8	 
82.3	NaN	57.6	21.5	45.4	71.4	 
84.8	NaN	102	31.2	69.1	68.9	 
NaN	NaN	NaN	73.6	NaN	NaN	 
];
x.TMC = x.TMC';

x.MaskerRatio = [0.5      0.7      0.9        1      1.1      1.3      1.6];
x.IFMCFreq = [250   500  1000  2000  4000  6000];
x.IFMCs = [
62.7	71.3	65.3	41.3	50.8	33	 
58.6	58.3	27	35.3	33.3	32.8	 
63.9	51.2	43.2	24.7	36.4	32.2	 
49.3	63.9	38.7	20.1	23.9	27.5	 
63.4	55.2	20.2	38.9	-0.0662	68.4	 
63.7	84.5	64.6	26.7	5.28	68.2	 
57.4	101	55.7	40.6	68.6	77	 
];
x.IFMCs = x.IFMCs';
