function x = MTprofileEt4_8_39hr25_May_2013
%created: 9_8hr25_May_2013

x.BFs = [250   500  1000  2000  4000  6000];

x.LongTone = [39.2      39.6      38.7      50.7      47.4      33.4];
x.ShortTone = [42.2        41      44.8      43.4      36.3      46.5];

x.Gaps = [0.01      0.03      0.05      0.07      0.09];
x.TMCFreq = [250   500  1000  2000  4000  6000];
x.TMC = [
23.1	50.1	22.7	18.8	NaN	19.2	 
60.4	NaN	54.4	23.1	22.9	69.3	 
55.5	NaN	66.2	61.9	41.9	33.2	 
64	NaN	73.3	24.1	28.1	19.2	 
56.9	95.8	37.8	23.5	NaN	74.3	 
];
x.TMC = x.TMC';

x.MaskerRatio = [0.5      0.7      0.9        1      1.1      1.3      1.6];
x.IFMCFreq = [250   500  1000  2000  4000  6000];
x.IFMCs = [
55.4	57.8	19.3	-0.361	-3.75	17.7	 
43.5	53.8	51.6	-14.6	NaN	16.2	 
45.3	43.5	36.2	8.26	22.6	17.8	 
49.1	37.1	25.4	-13.7	-5.62	9.68	 
45.1	57.1	-0.132	12.2	9.98	21.7	 
65.1	67.9	27.2	-3.13	-13.3	59.9	 
52.3	77.6	6	14.8	23.6	23.5	 
];
x.IFMCs = x.IFMCs';
