function x = MTprofile18_58hr03_Apr_2013
%created: 18_58hr03_Apr_2013

x.BFs = [250   500  1000  2000  4000  6000];

x.LongTone = [20.9      15.7      11.3      11.2      10.3      14.6];
x.ShortTone = [24.2      18.6      15.9      15.1      14.2      17.1];

x.Gaps = [0.01      0.03      0.05      0.07      0.09];
x.TMCFreq = [250   500  1000  2000  4000  6000];
x.TMC = [
36	31.2	32.4	31.2	30.3	34.1	 
38.6	34.6	38.2	39.5	33.2	38.1	 
41.8	39	54.8	47.4	45.2	45.6	 
47.2	47.8	96.7	78.3	52.7	75.9	 
70.4	53.9	67.9	73.6	75.6	86.6	 
];
x.TMC = x.TMC';

x.MaskerRatio = [0.5      0.7      0.9        1      1.1      1.3      1.6];
x.IFMCFreq = [250   500  1000  2000  4000  6000];
x.IFMCs = [
50.7	59.1	60.2	54.1	48.8	49	 
44.4	47.2	53.5	46	43.1	44.7	 
38.2	34.6	38	53.1	46.9	43.4	 
38.2	29	33.5	30.7	28.6	33	 
36	31.9	35.7	33.1	33	39.5	 
36.4	45.9	56.1	65.2	67.9	75.2	 
41.2	51.9	61.2	69.2	74	81.2	 
];
x.IFMCs = x.IFMCs';
