function x = MTprofile11_20hr23_Nov_2012
%created: 11_20hr23_Nov_2012

x.BFs = [250   500  1000  2000  4000  6000];

x.LongTone = [17.5      13.3      13.2        14        15      15.7];
x.ShortTone = [20.1      17.3      15.5      17.1        24      20.6];

x.Gaps = [0.01      0.03      0.05      0.07      0.09];
x.TMCFreq = [250   500  1000  2000  4000  6000];
x.TMC = [
33.4	31.4	34.4	25.5	NaN	38.3	 
38.8	47.6	62.9	28.5	18.7	69.3	 
52.3	67.1	NaN	73.3	64.7	55.6	 
62.1	NaN	NaN	101	82.4	68.3	 
NaN	NaN	NaN	NaN	52	NaN	 
];
x.TMC = x.TMC';

x.MaskerRatio = [0.5      0.7      0.9        1      1.1      1.3      1.6];
x.IFMCFreq = [250   500  1000  2000  4000  6000];
x.IFMCs = [
45	68.7	71	72.8	58.5	74.1	 
39.1	51	52.6	60.9	18.2	85.1	 
32.7	34.2	35.1	42	2.53	51.1	 
31.3	29.7	37.2	46.6	8.88	41.6	 
30.1	35.2	37.8	48.3	12.4	54	 
31	31.8	46.4	72.1	27.6	51.7	 
34.9	65.1	86.7	NaN	28	NaN	 
];
x.IFMCs = x.IFMCs';
