function x = MTprofile22_58hr02_Apr_2013
%created: 22_58hr02_Apr_2013

x.BFs = [250   500  1000  2000  4000  6000];

x.LongTone = [18.1      14.5      11.3      9.05      9.06      11.6];
x.ShortTone = [24.5      19.4        16      14.3      13.6      17.7];

x.Gaps = [0.01      0.03      0.05      0.07      0.09];
x.TMCFreq = [250   500  1000  2000  4000  6000];
x.TMC = [
38.2	33.4	29.2	25.8	25.3	32.6	 
39.4	35.7	34.5	29.5	34.6	42.3	 
41.6	38.5	35.3	35.5	48.9	37.5	 
47.3	42.2	41.3	42	46.6	51	 
50.9	57.9	52.6	48.4	66.4	84.7	 
];
x.TMC = x.TMC';

x.MaskerRatio = [0.5      0.7      0.9        1      1.1      1.3      1.6];
x.IFMCFreq = [250   500  1000  2000  4000  6000];
x.IFMCs = [
50.3	65.4	63.9	55.9	53.8	54.6	 
45.6	47.7	58.8	50.2	46	50	 
38.9	36.4	34.8	42.1	38.3	48.1	 
35.3	33.4	28.7	29.7	27.6	32.4	 
37.2	30	31.3	31.1	33.7	40.4	 
36.4	35.9	58.6	64.2	70.1	79.9	 
41.9	58.8	63.7	71.7	78.2	82.4	 
];
x.IFMCs = x.IFMCs';
