function x = MTprofile19_14hr05_Oct_2012
%created: 19_14hr05_Oct_2012

x.BFs = [250   500  1000  2000  4000  6000];

x.LongTone = [21.6      17.2      16.5      16.6      12.9        15];
x.ShortTone = [21.9      18.1      17.8      16.3      14.8      16.4];

x.Gaps = [0.01      0.03      0.05      0.07      0.09];
x.TMCFreq = [250   500  1000  2000  4000  6000];
x.TMC = [
22.5	20.6	17.4	15.2	13.5	16.3	 
34	31.3	20.2	15.3	14.3	21.1	 
34.5	33	32.9	15	16	21.5	 
53.1	46	29.1	15.9	12.5	15.4	 
48.5	38.1	39.4	22.3	13.2	18.5	 
];
x.TMC = x.TMC';

x.MaskerRatio = [0.5      0.7      0.9        1      1.1      1.3      1.6];
x.IFMCFreq = [250   500  1000  2000  4000  6000];
x.IFMCs = [
35.9	47.9	66.9	65.7	61	60.6	 
30.6	33.9	40.7	52.8	44.1	44.8	 
24.7	22.7	23	21.4	21.2	24.2	 
22.8	20	17.3	14.6	11.3	15.3	 
21.5	19.6	17.5	15.7	15.7	23	 
21.2	23.2	27.6	35.7	41.6	50.3	 
26	35.8	72.7	82.1	91.8	101	 
];
x.IFMCs = x.IFMCs';
