function x = MTprofileparamX3_16_27hr26_Apr_2013
%created: 17_6hr26_Apr_2013

x.BFs = [250   500  1000  2000  4000  6000];

x.LongTone = [24.4        20      16.9      12.7      8.77      11.9];
x.ShortTone = [28.2      24.2        19      16.7      13.2        15];

x.Gaps = [0.01      0.03      0.05      0.07      0.09];
x.TMCFreq = [250   500  1000  2000  4000  6000];
x.TMC = [
42.5	38.2	32.6	31	28.3	29.1	 
49.2	48.9	44.5	37.2	34.7	37.2	 
63.4	71.5	56.9	54.7	42.8	41.4	 
80	87.4	83.2	76.5	61.4	63.9	 
NaN	NaN	NaN	NaN	NaN	NaN	 
];
x.TMC = x.TMC';

x.MaskerRatio = [0.5      0.7      0.9        1      1.1      1.3      1.6];
x.IFMCFreq = [250   500  1000  2000  4000  6000];
x.IFMCs = [
57.5	66.2	64.8	58.8	53.8	49.3	 
46.8	53.3	56.4	48.2	42.9	42.5	 
41.7	40.9	41.4	55.2	36.8	39	 
41.8	38.8	36.3	33.4	29.9	29.4	 
40.5	39.3	35.1	32.8	33	36.2	 
40.5	58.4	56	62.6	67.3	72.2	 
50.7	57.8	62.6	66.1	72.4	79.9	 
];
x.IFMCs = x.IFMCs';
