function x = MTprofile20_37hr30_Mar_2013
%created: 20_37hr30_Mar_2013

x.BFs = [250   500  1000  2000  4000  6000];

x.LongTone = [7.42       2.4     -1.12     -1.58     -2.47     0.504];
x.ShortTone = [9.49      5.44      2.29      1.82     0.897      2.51];

x.Gaps = [0.01      0.03      0.05      0.07      0.09];
x.TMCFreq = [250   500  1000  2000  4000  6000];
x.TMC = [
23.9	21.4	18.7	19.8	25.2	21.2	 
27.9	28.1	29.2	45.6	51.5	26.5	 
31.5	34.4	25.6	91.7	NaN	31	 
47.4	91.9	83.9	NaN	102	47.5	 
87.1	NaN	NaN	NaN	NaN	55.1	 
];
x.TMC = x.TMC';

x.MaskerRatio = [0.5      0.7      0.9        1      1.1      1.3      1.6];
x.IFMCFreq = [250   500  1000  2000  4000  6000];
x.IFMCs = [
35.7	58.5	61.3	56.9	53.7	49.1	 
30.4	34.3	56.1	49.9	48.4	47.9	 
23.9	24.4	24.6	35.1	27.3	24.7	 
24.4	20.2	19.4	23	23.1	17.9	 
24.5	22.1	19.7	27.3	24.6	25.5	 
25	23	38.6	70.5	75.5	79.7	 
26.9	57	64.3	75.8	81.1	82	 
];
x.IFMCs = x.IFMCs';
