function x = MTprofile15_8hr03_Apr_2013
%created: 15_8hr03_Apr_2013

x.BFs = [2000];

x.LongTone = [10.7];
x.ShortTone = [14.6];

x.Gaps = [0.01      0.03      0.05      0.07      0.09];
x.TMCFreq = [2000];
x.TMC = [
25	 
27.3	 
29.6	 
30	 
29.5	 
];
x.TMC = x.TMC';

x.MaskerRatio = [0.5      0.7      0.9        1      1.1      1.3      1.6];
x.IFMCFreq = [2000];
x.IFMCs = [
64	 
55.6	 
34.2	 
22.9	 
26.3	 
70.5	 
73.3	 
];
x.IFMCs = x.IFMCs';
