function x = MTprofile12_54hr14_May_2012
%created: 12_54hr14_May_2012

x.BFs = [250   500  1000  2000  4000  6000];

x.LongTone = [12.3      5.23      6.12      4.82      4.18       4.6];
x.ShortTone = [14.7      11.5      11.9      12.2      10.1      12.9];

x.Gaps = [0.01      0.03      0.05      0.07      0.09];
x.TMCFreq = [250   500  1000  2000  4000  6000];
x.TMC = [
25.1	22.4	33.4	33.2	26.9	29.4	 
28.7	33.7	60.9	70.5	27.9	49.8	 
30.9	39	58.5	75.1	52.9	50.8	 
33.8	59.7	75.6	78.3	61.4	62.2	 
68.3	80.5	96.7	80.6	78.2	75.5	 
];
x.TMC = x.TMC';

x.MaskerRatio = [0.5      0.7      0.9        1      1.1      1.3      1.6];
x.IFMCFreq = [250   500  1000  2000  4000  6000];
x.IFMCs = [
37.7	56.8	69.1	67.5	64.3	70.3	 
32.3	37.6	59.1	57.5	51	54.6	 
28.6	26.8	41.6	63.1	44.7	51	 
27.2	23.3	40	35.6	27.9	34.1	 
25.9	23.9	46.1	46.7	26.1	31.8	 
23.9	27.7	69.1	75.1	83.6	91.6	 
29.3	61.2	81.1	87.1	94	NaN	 
];
x.IFMCs = x.IFMCs';
