function x = MTprofile20_22hr03_May_2012
%created: 20_22hr03_May_2012

x.BFs = [250   500  1000  2000  4000  6000];

x.LongTone = [26.1      22.8      23.7      56.4      53.5      40.3];
x.ShortTone = [27.8      25.5      34.7      67.1      62.3      52.5];

x.Gaps = [0.01      0.03      0.05      0.07      0.09];
x.TMCFreq = [250   500  1000  2000  4000  6000];
x.TMC = [
37.5	38.6	49	89	53.8	59.8	 
40.5	46.1	58.4	93.3	38.7	63.8	 
45.5	64.9	60.9	90.2	66	64.9	 
71.8	75.3	52.9	NaN	49.2	88.3	 
82.6	87.4	64.6	NaN	55.2	67.7	 
];
x.TMC = x.TMC';

x.MaskerRatio = [0.5      0.7      0.9        1      1.1      1.3      1.6];
x.IFMCFreq = [250   500  1000  2000  4000  6000];
x.IFMCs = [
53.3	70.4	69.5	89.9	65.6	75.5	 
43.7	52.9	60.4	80	24.7	62.2	 
38.1	40.8	55.4	82.9	54.2	70.4	 
37	37.5	46.9	87.1	41.1	57.1	 
36.9	43	51.8	91.4	51.5	65	 
36.7	64.2	72.8	101	79.9	103	 
44.1	66.9	85	NaN	98.8	NaN	 
];
x.IFMCs = x.IFMCs';
