function x = MTprofile10_2hr10_Oct_2012
%created: 10_2hr10_Oct_2012

x.BFs = [250   500  1000  2000  4000  6000];

x.LongTone = [10.1      5.81      3.67       2.4     0.122      1.59];
x.ShortTone = [12.4      8.51      6.39      5.26      1.54      3.47];

x.Gaps = [0.01      0.03      0.05      0.07      0.09];
x.TMCFreq = [250   500  1000  2000  4000  6000];
x.TMC = [
23.3	21.4	19.1	18.5	13.5	14.9	 
29.4	23.5	28.8	33.8	19.6	22.1	 
94.3	65.3	79.1	74	67.8	79.1	 
93.8	NaN	NaN	NaN	NaN	NaN	 
NaN	NaN	NaN	NaN	NaN	NaN	 
];
x.TMC = x.TMC';

x.MaskerRatio = [0.5      0.7      0.9        1      1.1      1.3      1.6];
x.IFMCFreq = [250   500  1000  2000  4000  6000];
x.IFMCs = [
38.1	49.2	64.6	62.1	56.7	55.8	 
32.2	34.3	43	51.7	40	40.8	 
25.3	25.2	24.7	27.9	22.2	23.8	 
24.2	20.8	19.7	19.9	13.7	16.9	 
23.3	20.4	20.1	20.8	18.2	23.8	 
23.3	25.1	32	41.1	44.4	50.3	 
27.2	36.6	71.5	80.2	88.6	97.4	 
];
x.IFMCs = x.IFMCs';
