function x = MTprofile15_49hr01_Apr_2013
%created: 15_49hr01_Apr_2013

x.BFs = [2000];

x.LongTone = [13.6];
x.ShortTone = [15.5];

x.Gaps = [0.01      0.03      0.05      0.07      0.09];
x.TMCFreq = [2000];
x.TMC = [
30.6	 
40.7	 
53.5	 
65.1	 
97.5	 
];
x.TMC = x.TMC';

x.MaskerRatio = [0.5      0.7      0.9        1      1.1      1.3      1.6];
x.IFMCFreq = [2000];
x.IFMCs = [
76.5	 
66.7	 
40.9	 
28.6	 
36.7	 
79.9	 
93.4	 
];
x.IFMCs = x.IFMCs';
