function x = MTprofile19_38hr19_Apr_2012
%created: 19_38hr19_Apr_2012

x.BFs = [250   500  1000  2000  4000  6000];

x.LongTone = [20.8      16.7      18.5      49.5      47.7      45.5];
x.ShortTone = [22.9      19.9      25.8      60.5      61.7      53.3];

x.Gaps = [0.01      0.03      0.05      0.07      0.09];
x.TMCFreq = [250   500  1000  2000  4000  6000];
x.TMC = [
41.3	43.9	24.3	69.6	74.3	57	 
61.6	61.4	45.1	67.6	87.1	69.1	 
81.8	71.9	41.7	71.2	93.8	63.8	 
87.8	74.1	48.1	74.9	86.3	78	 
92.9	75.3	51	76.8	96.6	68.7	 
];
x.TMC = x.TMC';

x.MaskerRatio = [0.5      0.7      0.9        1      1.1      1.3      1.6];
x.IFMCFreq = [250   500  1000  2000  4000  6000];
x.IFMCs = [
71.1	78.8	72.1	75.7	80.3	83.1	 
57.7	63.4	56.3	68.3	68.2	70.2	 
43.5	45.2	28.2	76	76.9	71.9	 
37	44.9	18.8	61.2	59.2	59	 
38.5	48.6	37.6	62.8	61	73.4	 
44.2	73.5	67	90.1	102	NaN	 
60.7	75	83.9	98.5	NaN	NaN	 
];
x.IFMCs = x.IFMCs';
