function x = MTprofile21_34hr05_Mar_2013
%created: 21_34hr05_Mar_2013

x.BFs = [250   500  1000  2000  4000  6000];

x.LongTone = [28.8      23.8      25.7      32.5      46.1      41.6];
x.ShortTone = [34.6      30.6        32      43.7      58.2      63.5];

x.Gaps = [0.01      0.03      0.05      0.07      0.09];
x.TMCFreq = [250   500  1000  2000  4000  6000];
x.TMC = [
42.1	42.4	50.5	55.7	48.7	32.5	 
45.2	45.7	59.7	66	55.2	44.9	 
53.7	49.8	78.9	64.8	56.8	30	 
56.9	62.1	68.5	75.4	29.4	52.5	 
58	62	87.4	98.4	48.3	43.9	 
];
x.TMC = x.TMC';

x.MaskerRatio = [0.5      0.7      0.9        1      1.1      1.3      1.6];
x.IFMCFreq = [250   500  1000  2000  4000  6000];
x.IFMCs = [
64.3	74.9	77.2	69.1	64	62.6	 
52.3	60.5	64.7	55.7	50.4	48.5	 
44.5	43.7	53.1	62	56.7	33.6	 
37.5	38.3	50.3	54.7	46.1	30.8	 
43	44	58.1	60.7	50.1	82.5	 
45.5	63	65.7	79.2	84.3	97.1	 
56.6	61.8	81.2	93.1	70.3	62.8	 
];
x.IFMCs = x.IFMCs';
