function x = MTprofile7_56hr21_Oct_2012
%created: 7_56hr21_Oct_2012

x.BFs = [250   500  1000  2000  4000  6000];

x.LongTone = [14      10.9      9.39      10.1      6.85      7.27];
x.ShortTone = [14.4      10.7      10.7       9.1      6.86      7.83];

x.Gaps = [0.01      0.03      0.05      0.07      0.09];
x.TMCFreq = [250   500  1000  2000  4000  6000];
x.TMC = [
NaN	9.34	4.54	1.21	-4.58	1.97	 
NaN	11	5.51	4.43	-0.491	4.47	 
NaN	10.9	6.66	4.57	-0.92	3.85	 
NaN	12.5	7.77	3.05	-2.02	4	 
NaN	12.7	10.7	2.91	-2.64	3.77	 
];
x.TMC = x.TMC';

x.MaskerRatio = [0.5      0.7      0.9        1      1.1      1.3      1.6];
x.IFMCFreq = [250   500  1000  2000  4000  6000];
x.IFMCs = [
NaN	36.7	51.8	59.1	52.9	52.6	 
NaN	24	28.8	41.5	34.3	33	 
NaN	11	9.93	9.89	3.78	10.7	 
NaN	8.36	5.11	1.06	-2.76	1.91	 
NaN	8.14	6.44	4.19	-2.39	8.6	 
NaN	11.2	15.3	20.4	27.4	36.8	 
NaN	23.7	35.6	44	57.1	65.3	 
];
x.IFMCs = x.IFMCs';
