function x = MTprofile10_26hr10_Mar_2012
%created: 10_26hr10_Mar_2012

x.BFs = [250   500  1000  2000  4000  8000];

x.LongTone = [4.81      1.18      1.72      4.16      9.86      16.3];
x.ShortTone = [10.8      7.24      7.54      11.2        18      21.4];

x.Gaps = [0.01      0.03      0.05      0.07      0.09];
x.TMCFreq = [250   500  1000  2000  4000  8000];
x.TMC = [
22.6	18.6	30.2	42.3	38.3	35.7	 
49.4	28.4	38.7	49	51.2	39.1	 
57.4	34.9	71.3	65.7	60.1	37.8	 
103	27.8	83.2	80.5	70.4	59.7	 
NaN	45	84.4	63.9	51.5	57.6	 
];
x.TMC = x.TMC';

x.MaskerRatio = [0.5      0.7      0.9        1      1.1      1.3      1.6];
x.IFMCFreq = [250   500  1000  2000  4000  8000];
x.IFMCs = [
37.7	43.3	61.1	61	59.3	65.6	 
27.2	31.1	49.4	61.6	68.2	73.6	 
25.5	21.3	33	33.8	39	36.5	 
25.3	17.9	20.4	42.6	55.5	37.7	 
27.4	20.1	28.3	39.1	31.4	36.4	 
26.5	22.7	50.6	71.8	51.8	52.7	 
42.7	34	74.9	80.1	81.6	88.3	 
];
x.IFMCs = x.IFMCs';
