function x = MTprofile14_36hr29_Oct_2012
%created: 14_36hr29_Oct_2012

x.BFs = [1000];

x.LongTone = [61.2];
x.ShortTone = [64.7];

x.Gaps = [0.01      0.03      0.05      0.07      0.09];
x.TMCFreq = [1000];
x.TMC = [
68.2	 
65.6	 
70.6	 
77.6	 
93.7	 
];
x.TMC = x.TMC';

x.MaskerRatio = [0.5      0.7      0.9        1      1.1      1.3      1.6];
x.IFMCFreq = [1000];
x.IFMCs = [
87.1	 
76.6	 
71.5	 
70	 
67.7	 
76.7	 
85.3	 
];
x.IFMCs = x.IFMCs';
