function x = MTprofile18_12hr10_Oct_2012
%created: 18_12hr10_Oct_2012

x.BFs = [250   500  1000  2000  4000  6000];

x.LongTone = [8.33     -0.58      2.28      2.54      1.07     0.244];
x.ShortTone = [11.8      9.82      7.08      8.42      5.41      7.91];

x.Gaps = [0.01      0.03      0.05      0.07      0.09];
x.TMCFreq = [250   500  1000  2000  4000  6000];
x.TMC = [
22.3	22.3	18.9	22.6	20.3	23.3	 
24	32.1	21.7	23.3	21.2	28.8	 
28.1	31.9	26.2	80.8	31.6	66	 
35.1	98	39.5	NaN	86	NaN	 
39.6	NaN	NaN	NaN	NaN	NaN	 
];
x.TMC = x.TMC';

x.MaskerRatio = [0.5      0.7      0.9        1      1.1      1.3      1.6];
x.IFMCFreq = [250   500  1000  2000  4000  6000];
x.IFMCs = [
32.3	43.8	50.2	59.1	59	57.3	 
28.6	32.9	34.1	49.3	55.6	50.1	 
23.4	25	21.2	27.3	21.8	27.5	 
22.1	22.9	18.7	21.7	17.9	19.9	 
21.4	21.1	19.4	22.1	20.3	24.5	 
23.2	22.7	24.2	30.2	33.2	41.1	 
25.2	33	40.8	50.4	55.5	62.9	 
];
x.IFMCs = x.IFMCs';
