function x = MTprofile19_3hr28_Nov_2012
%created: 19_3hr28_Nov_2012

x.BFs = [250   500  1000  2000  4000  6000];

x.LongTone = [15.6      9.99      11.8      14.4      13.8      13.7];
x.ShortTone = [16.8      15.5      15.2      16.8      16.5      17.4];

x.Gaps = [0.01      0.03      0.05      0.07      0.09];
x.TMCFreq = [250   500  1000  2000  4000  6000];
x.TMC = [
28.6	32.6	32.8	38.4	75.8	55.3	 
26.1	33.9	69.1	NaN	92.3	58.4	 
34.8	67.1	NaN	NaN	NaN	NaN	 
47.9	74.7	NaN	NaN	NaN	NaN	 
47.7	87.3	NaN	NaN	NaN	NaN	 
];
x.TMC = x.TMC';

x.MaskerRatio = [0.5      0.7      0.9        1      1.1      1.3      1.6];
x.IFMCFreq = [250   500  1000  2000  4000  6000];
x.IFMCs = [
38	54.4	69.4	77	72.9	76	 
32.6	38.7	50.2	60.4	70.6	86.6	 
26.8	30	30	42.5	30.9	45.3	 
26.3	30.1	29	40.7	94.8	31.3	 
25.3	27.3	30.4	56.5	74.8	84.1	 
27.2	27.3	50.8	80.9	82.4	50.8	 
27.8	42.1	81.5	NaN	NaN	NaN	 
];
x.IFMCs = x.IFMCs';
