function x = MTprofileOHC3_15_11hr20_May_2013
%created: 15_40hr20_May_2013

x.BFs = [250   500  1000  2000  4000  6000];

x.LongTone = [20.6      17.2      14.7      15.8      11.2      14.2];
x.ShortTone = [24.5      19.9      17.8      18.9      15.6      17.9];

x.Gaps = [0.01      0.03      0.05      0.07      0.09];
x.TMCFreq = [250   500  1000  2000  4000  6000];
x.TMC = [
37	37.4	37.2	42.3	34.2	33.2	 
45.8	39.3	43.3	51.2	38.4	42.3	 
61.7	50	51.8	56.9	47.7	52.6	 
65.3	73.1	77	87.6	57.3	73.6	 
91.4	NaN	NaN	74.8	82.8	98.4	 
];
x.TMC = x.TMC';

x.MaskerRatio = [0.5      0.7      0.9        1      1.1      1.3      1.6];
x.IFMCFreq = [250   500  1000  2000  4000  6000];
x.IFMCs = [
50.8	60.8	60.1	60.9	55.2	55.2	 
45.2	49.5	55.7	52.5	45.9	45.9	 
39.7	38.4	45.9	56.4	48.1	44.9	 
38.9	35.8	36.7	44.2	32.9	33.7	 
38.1	36.9	37.4	44.3	38	39.1	 
38	56.2	59.8	67.2	70.4	76.4	 
48	56.6	66.7	70.7	73.1	80.6	 
];
x.IFMCs = x.IFMCs';
