function x = MTprofile17_27hr22_Nov_2012
%created: 17_27hr22_Nov_2012

x.BFs = [1000];

x.LongTone = [18.1];
x.ShortTone = [19.9];

x.Gaps = [0.01      0.03      0.05      0.07      0.09];
x.TMCFreq = [1000];
x.TMC = [
29.4	 
57.6	 
53.6	 
59.2	 
72.3	 
];
x.TMC = x.TMC';

x.MaskerRatio = [0.5      0.7      0.9        1      1.1      1.3      1.6];
x.IFMCFreq = [1000];
x.IFMCs = [
69	 
50.9	 
29.9	 
30.3	 
35.9	 
54.8	 
83	 
];
x.IFMCs = x.IFMCs';
