function x = MTprofile19_32hr10_May_2013
%created: 19_32hr10_May_2013

x.BFs = [250   500  1000  2000  4000  6000];

x.LongTone = [60.1      48.8      48.1        53      55.9      61.1];
x.ShortTone = [59.1      49.5      48.3      52.5      56.6      61.2];

x.Gaps = [0.01      0.03      0.05      0.07      0.09];
x.TMCFreq = [250   500  1000  2000  4000  6000];
x.TMC = [
50.6	53.4	50.5	53.3	57.5	60.4	 
55.3	60.3	53.3	57.8	58.5	62.6	 
54.4	61	53.2	58.4	60.1	63.2	 
45.2	69.1	58.7	64.1	69.6	65.9	 
59	67.3	62.1	62.6	68.3	66.8	 
];
x.TMC = x.TMC';

x.MaskerRatio = [0.5      0.7      0.9        1      1.1      1.3      1.6];
x.IFMCFreq = [250   500  1000  2000  4000  6000];
x.IFMCs = [
61.2	67.1	60.1	59.2	56.5	52.6	 
57	60	53	52	49.7	47.5	 
54.3	54.4	49.9	50.4	52.6	54.5	 
54.5	53.4	48.6	53.9	56.8	60.6	 
49.7	52.7	51.8	55.1	61.5	63.7	 
46	51.9	57.9	63.3	67.9	72.7	 
45.4	54.6	63.3	69.3	76.7	79.2	 
];
x.IFMCs = x.IFMCs';
