function x = MTprofile10_35hr17_Apr_2013
%created: 10_35hr17_Apr_2013

x.BFs = [1000];

x.LongTone = [17];
x.ShortTone = [19.4];

x.Gaps = [0.01      0.03      0.05      0.07      0.09];
x.TMCFreq = [1000];
x.TMC = [
33.2	 
35	 
41.9	 
52.4	 
64	 
];
x.TMC = x.TMC';

x.MaskerRatio = [0.5      0.7      0.9        1      1.1      1.3      1.6];
x.IFMCFreq = [1000];
x.IFMCs = [
60.5	 
53.4	 
41.5	 
32.5	 
33.5	 
52.4	 
58	 
];
x.IFMCs = x.IFMCs';
