function x = MTprofile15_43hr03_Apr_2013
%created: 15_43hr03_Apr_2013

x.BFs = [250   500  1000  2000  4000  6000];

x.LongTone = [23.3        18        13      12.7      13.1      15.4];
x.ShortTone = [26      20.1      18.4      16.9        17      19.7];

x.Gaps = [0.01      0.03      0.05      0.07      0.09];
x.TMCFreq = [250   500  1000  2000  4000  6000];
x.TMC = [
26.5	31.1	31.9	28	38	32.8	 
40.3	34.6	35.9	27.8	42.7	45.3	 
49.5	36.9	37	41.7	48.5	52.6	 
47.3	41.7	48	45.1	43.5	59.8	 
50.2	42.5	44.5	52.8	65.8	71.1	 
];
x.TMC = x.TMC';

x.MaskerRatio = [0.5      0.7      0.9        1      1.1      1.3      1.6];
x.IFMCFreq = [250   500  1000  2000  4000  6000];
x.IFMCs = [
46.7	57	55.3	49.4	44	44	 
42.9	45.4	47.5	40.3	38	39.9	 
36.6	34.9	40.1	45.1	42.2	47.6	 
32	30.3	31.5	28.6	33	32.7	 
39.3	32.7	31.8	33.7	32.3	39.4	 
56.7	47.1	48.4	52	59.6	65.3	 
45.2	45.9	54.8	58.3	67.4	72	 
];
x.IFMCs = x.IFMCs';
