function x = MTprofile15_23hr08_Jul_2012
%created: 15_23hr08_Jul_2012

x.BFs = [250   500  1000  2000  4000  6000];

x.LongTone = [5.62     0.864       4.9        13      12.6      12.9];
x.ShortTone = [6.52      3.54      8.62      14.4      13.9      14.2];

x.Gaps = [0.01      0.03      0.05      0.07      0.09];
x.TMCFreq = [250   500  1000  2000  4000  6000];
x.TMC = [
11.5	21.5	15.7	24.1	29.2	24.7	 
17.2	42.8	23.6	32.6	46.8	35.1	 
22.5	57.2	21.8	48	70.3	62.6	 
18.9	81.5	38.9	52.1	91.8	NaN	 
23.6	NaN	38.3	59.3	NaN	NaN	 
];
x.TMC = x.TMC';

x.MaskerRatio = [0.5      0.7      0.9        1      1.1      1.3      1.6];
x.IFMCFreq = [250   500  1000  2000  4000  6000];
x.IFMCs = [
23.2	39.4	59.8	64.7	68.8	68.3	 
17.6	30	35.9	55.2	52.7	52.2	 
13.2	21.9	19.9	60	45.4	42	 
13	16.7	17.1	24.1	26.7	25.1	 
11.1	19	19.8	26.9	36.1	32.6	 
10.6	25.3	41.4	68.6	85.4	93.2	 
16.4	59.2	70.7	82.2	94.8	NaN	 
];
x.IFMCs = x.IFMCs';
