function x = MTprofile18_4hr05_Mar_2013
%created: 18_4hr05_Mar_2013

x.BFs = [250   500  1000  2000  4000  6000];

x.LongTone = [46.5        41      37.6      45.4      47.3      43.7];
x.ShortTone = [52.5      43.2      42.7      53.2      56.1      50.6];

x.Gaps = [0.01      0.03      0.05      0.07      0.09];
x.TMCFreq = [250   500  1000  2000  4000  6000];
x.TMC = [
54.9	56.2	69.2	66.2	54.9	59.6	 
57.9	57.8	NaN	68.1	59.6	54.3	 
56.9	64.3	NaN	70.2	77.2	66.9	 
62	62.4	NaN	73.4	63.3	80.6	 
63.4	67.3	NaN	76.3	82.4	91.9	 
];
x.TMC = x.TMC';

x.MaskerRatio = [0.5      0.7      0.9        1      1.1      1.3      1.6];
x.IFMCFreq = [250   500  1000  2000  4000  6000];
x.IFMCs = [
69.9	80.9	88.4	73.1	70.3	70.6	 
63.7	68.1	76.8	61.9	56.1	58.9	 
55.3	57.6	71.6	66.5	63.1	68.9	 
51.3	55.1	70	63.4	62.6	53.4	 
52	58.5	70	61.3	63.1	70.8	 
72.5	64.6	87.3	81	91.1	103	 
61.7	65.3	NaN	91.9	101	NaN	 
];
x.IFMCs = x.IFMCs';
