function x = MTprofile14_31hr29_Oct_2012
%created: 14_31hr29_Oct_2012

x.BFs = [6000];

x.LongTone = [73.6];
x.ShortTone = [85.9];

x.Gaps = [0.01      0.03      0.05      0.07      0.09];
x.TMCFreq = [6000];
x.TMC = [
56.1	 
58	 
56.8	 
52.9	 
59.6	 
];
x.TMC = x.TMC';

x.MaskerRatio = [0.5      0.7      0.9        1      1.1      1.3      1.6];
x.IFMCFreq = [6000];
x.IFMCs = [
92.2	 
76.8	 
64.8	 
50.9	 
60.1	 
81.1	 
NaN	 
];
x.IFMCs = x.IFMCs';
