function x = MTprofileM1_10_32hr27_Apr_2013
%created: 11_6hr27_Apr_2013

x.BFs = [250   500  1000  2000  4000  6000];

x.LongTone = [24.4      21.5      17.4      13.6      10.8      14.3];
x.ShortTone = [28.2      24.7      19.5      17.2        14      15.5];

x.Gaps = [0.01      0.03      0.05      0.07      0.09];
x.TMCFreq = [250   500  1000  2000  4000  6000];
x.TMC = [
44.5	42.9	37.5	33.4	31.9	30.7	 
67.5	NaN	77.1	60.4	49.8	47.8	 
94.2	NaN	NaN	NaN	NaN	NaN	 
NaN	NaN	NaN	NaN	NaN	NaN	 
NaN	NaN	NaN	NaN	NaN	NaN	 
];
x.TMC = x.TMC';

x.MaskerRatio = [0.5      0.7      0.9        1      1.1      1.3      1.6];
x.IFMCFreq = [250   500  1000  2000  4000  6000];
x.IFMCs = [
59.2	70.3	66.5	60.8	58.2	51.1	 
52.2	60.4	58.6	52.3	46.3	45.9	 
45.6	44.8	48.6	55.4	40.1	39.5	 
45.9	44.4	37.7	34.7	30.9	31.8	 
44.3	47.5	37.2	37.1	37.1	38.2	 
67.5	59.3	59	64.2	69.7	76.2	 
53.3	58.8	64.8	68.7	76.9	81.9	 
];
x.IFMCs = x.IFMCs';
