function x = MTprofile19_41hr27_Nov_2012
%created: 19_41hr27_Nov_2012

x.BFs = [250   500  1000  2000  4000  6000];

x.LongTone = [1.07     -2.94     -4.51     -1.46    -0.504      3.02];
x.ShortTone = [6.26     0.834      2.29      5.13      5.26      5.98];

x.Gaps = [0.01      0.03      0.05      0.07      0.09];
x.TMCFreq = [250   500  1000  2000  4000  6000];
x.TMC = [
19.4	11.6	18.1	18.6	19.5	18.9	 
28.3	23.3	25.1	29.3	25	20.7	 
30.2	27.3	30.8	38.7	NaN	68.3	 
45.1	34.6	51	NaN	NaN	80.6	 
102	42.9	88.3	NaN	NaN	NaN	 
];
x.TMC = x.TMC';

x.MaskerRatio = [0.5      0.7      0.9        1      1.1      1.3      1.6];
x.IFMCFreq = [250   500  1000  2000  4000  6000];
x.IFMCs = [
32.2	35	46.5	53.7	62.4	53.1	 
23.9	24.3	31.8	37.1	44.2	35	 
21.9	15.2	19.1	20.1	22.7	20	 
19.2	12.6	15.6	19.5	20.2	19.1	 
18.4	13.9	25.5	18.8	19.8	20.6	 
18	13.4	22.8	27.6	29.4	34	 
19.4	23.3	34.8	42.1	52.4	63	 
];
x.IFMCs = x.IFMCs';
