function x = MTprofile10_45hr23_Nov_2012
%created: 10_45hr23_Nov_2012

x.BFs = [250   500  1000  2000  4000  6000];

x.LongTone = [16.3      14.5      14.6      17.4        17      18.5];
x.ShortTone = [20.7      17.2      17.4      22.1      30.4      21.8];

x.Gaps = [0.01      0.03      0.05      0.07      0.09];
x.TMCFreq = [250   500  1000  2000  4000  6000];
x.TMC = [
30.8	31.8	35.1	26.6	19.9	32.4	 
38	38.2	50.3	50.6	28.7	33.7	 
52.4	63.5	64.2	40.9	39.7	33.7	 
95.7	NaN	NaN	51.3	66.4	52.3	 
NaN	NaN	NaN	62.4	55.6	63.1	 
];
x.TMC = x.TMC';

x.MaskerRatio = [0.5      0.7      0.9        1      1.1      1.3      1.6];
x.IFMCFreq = [250   500  1000  2000  4000  6000];
x.IFMCs = [
45.1	68.3	74.9	72	25.9	74	 
41.4	43.2	55	64	68	71.6	 
33.8	42	32.7	30.6	35.8	33.4	 
32.6	29.2	35.7	41.4	34.5	28.5	 
33.6	28.3	32.4	41.8	38.7	34.3	 
32	35.7	53.9	39.1	24.3	54.9	 
39.7	75.8	90.7	85.8	93.1	NaN	 
];
x.IFMCs = x.IFMCs';
