function x = MTprofile8_2hr31_Mar_2013
%created: 8_2hr31_Mar_2013

x.BFs = [250   500  1000  2000  4000  6000];

x.LongTone = [8.97      4.49      1.56    -0.584    -0.366      2.15];
x.ShortTone = [11.9      8.04      4.86      2.94      2.25      5.65];

x.Gaps = [0.01      0.03      0.05      0.07      0.09];
x.TMCFreq = [250   500  1000  2000  4000  6000];
x.TMC = [
26.3	34	28.1	32.4	29.6	24.3	 
39.7	52.5	46.5	56.3	61.2	59.5	 
53.9	78.5	66.1	57.1	87.5	75.2	 
73.1	89.2	NaN	96.5	NaN	NaN	 
99.7	NaN	NaN	NaN	NaN	NaN	 
];
x.TMC = x.TMC';

x.MaskerRatio = [0.5      0.7      0.9        1      1.1      1.3      1.6];
x.IFMCFreq = [250   500  1000  2000  4000  6000];
x.IFMCs = [
50.2	72.7	75.8	70.3	67.7	73.1	 
45.7	55.8	62.6	58	54.5	57.7	 
31	39.1	36.1	63.9	50.4	45.8	 
32.2	30.8	31.2	30.5	25.2	25.7	 
27.3	30.5	31.3	34.5	34.3	47.9	 
28.8	63.6	64	77.3	89.1	101	 
39.1	66.4	76.4	86.9	100	NaN	 
];
x.IFMCs = x.IFMCs';
