function x = MTprofile11_8hr03_Mar_2012
%created: 11_8hr03_Mar_2012

x.BFs = [250   500  1000  2000  4000  8000];

x.LongTone = [3.16      1.23      1.02      4.12      11.2      16.7];
x.ShortTone = [5.73      4.47      3.94       7.2      15.1      20.1];

x.Gaps = [0.01      0.03      0.05      0.07      0.09];
x.TMCFreq = [250   500  1000  2000  4000  8000];
x.TMC = [
5.98	3.39	3.94	7.41	16.3	19.1	 
5.89	4.88	3.28	6.29	13.8	21.3	 
6.26	5.85	5.42	7.57	17.3	18.9	 
6.22	6.37	5.96	8.4	18.6	20.4	 
9	6.84	7.4	9.44	17	21.8	 
];
x.TMC = x.TMC';

x.MaskerRatio = [0.5      0.7      0.9        1      1.1      1.3      1.6];
x.IFMCFreq = [250   500  1000  2000  4000  8000];
x.IFMCs = [
10.3	18	26.8	50.6	54.7	53.1	 
7.44	10.8	14	19.6	31.5	35.1	 
6.01	5.21	6.09	9.63	18.6	20.1	 
6.03	4.22	3.18	8.35	15.8	19.1	 
5.59	3.29	3.55	6.96	16.6	22.1	 
6.3	4.55	7.81	14.7	27.5	35.5	 
7.47	10.3	19.5	39.4	49.9	56.3	 
];
x.IFMCs = x.IFMCs';
