function x = MTprofile13_37hr26_Apr_2012
%created: 13_37hr26_Apr_2012

x.BFs = [250   500  1000  2000  4000  6000];

x.LongTone = [17.5        13      11.7      11.9      13.4      18.1];
x.ShortTone = [18.6      14.9      14.2      15.7      17.5      21.9];

x.Gaps = [0.01      0.03      0.05      0.07      0.09];
x.TMCFreq = [250   500  1000  2000  4000  6000];
x.TMC = [
36.8	33.2	28.5	23.8	6.9	22.6	 
42.3	37.8	36.8	15.9	10.3	40.4	 
48.6	46	55.4	35.8	12.4	22.6	 
85.4	86.4	70.3	33.9	NaN	15.8	 
88.5	88.1	72.6	34.2	NaN	28.7	 
];
x.TMC = x.TMC';

x.MaskerRatio = [0.5      0.7      0.9        1      1.1      1.3      1.6];
x.IFMCFreq = [250   500  1000  2000  4000  6000];
x.IFMCs = [
50.4	70.4	71	67.7	59.2	68.9	 
43.9	53.1	60	54.2	42.1	60.8	 
39.3	35.1	32.2	33.3	21.7	30.7	 
37.1	34	28.9	24.1	12	26.8	 
35.5	37.3	34.6	35.3	3.29	43	 
34.7	49.9	72.2	79.7	63.4	102	 
38.6	65.5	78.9	90.8	89.7	NaN	 
];
x.IFMCs = x.IFMCs';
