function x = MTprofile11_49hr25_Oct_2012
%created: 11_49hr25_Oct_2012

x.BFs = [1000];

x.LongTone = [-15.4];
x.ShortTone = [-3.54];

x.Gaps = [0.01      0.03      0.05      0.07      0.09];
x.TMCFreq = [1000];
x.TMC = [
12.5	 
53.8	 
77.9	 
NaN	 
NaN	 
];
x.TMC = x.TMC';

x.MaskerRatio = [0.5      0.7      0.9        1      1.1      1.3      1.6];
x.IFMCFreq = [1000];
x.IFMCs = [
60.3	 
39.7	 
18.2	 
13.9	 
11.6	 
25.1	 
42	 
];
x.IFMCs = x.IFMCs';
