function x = MTprofile9_23hr03_Apr_2013
%created: 9_23hr03_Apr_2013

x.BFs = [250   500  1000  2000  4000  6000];

x.LongTone = [20.9      12.2      10.8      11.3      10.3        13];
x.ShortTone = [24.5      19.4        16      14.6      13.6      17.7];

x.Gaps = [0.01      0.03      0.05      0.07      0.09];
x.TMCFreq = [250   500  1000  2000  4000  6000];
x.TMC = [
39.5	32.3	30.2	28.4	28.4	34.5	 
41.4	37.7	37.9	34.3	32.4	40.4	 
48.6	41.2	39	39.8	41	59.4	 
58.7	46.1	45.4	48.5	61.8	72.8	 
59.6	54.5	56.1	64.3	68.2	70.1	 
];
x.TMC = x.TMC';

x.MaskerRatio = [0.5      0.7      0.9        1      1.1      1.3      1.6];
x.IFMCFreq = [250   500  1000  2000  4000  6000];
x.IFMCs = [
50	62.8	59.8	51.6	47.2	51.2	 
42.6	47	52	46.1	41.9	47.3	 
37.1	35.2	40.2	49.9	40	49.6	 
38.8	32.1	31.8	32.5	30.3	35.6	 
35	35.2	37.1	32.6	34.1	40.6	 
35.3	53.1	54.9	57.6	65.8	70.5	 
48.8	51.6	59.1	61.3	70.4	77.9	 
];
x.IFMCs = x.IFMCs';
