function x = MTprofile17_52hr03_Apr_2013
%created: 17_52hr03_Apr_2013

x.BFs = [250   500  1000  2000  4000  6000];

x.LongTone = [21.5      15.5      13.1      12.1      11.3      12.1];
x.ShortTone = [23.9      19.4      16.5      14.6      15.5      17.8];

x.Gaps = [0.01      0.03      0.05      0.07      0.09];
x.TMCFreq = [250   500  1000  2000  4000  6000];
x.TMC = [
36.2	33.7	31.7	26.4	32.3	34.4	 
40.4	37.6	35.2	47.5	54.9	46.5	 
41.4	39.1	38.7	47	77	49.3	 
45.4	53.2	67.4	61.4	NaN	78.9	 
62.5	63.7	91.9	66	NaN	NaN	 
];
x.TMC = x.TMC';

x.MaskerRatio = [0.5      0.7      0.9        1      1.1      1.3      1.6];
x.IFMCFreq = [250   500  1000  2000  4000  6000];
x.IFMCs = [
48.5	69.9	79	73.6	73.3	73.5	 
42.6	50.8	72.3	67.6	64.6	64.9	 
39.5	38.5	35.3	34.7	50.2	47.2	 
37.2	32.5	33.6	29.7	35.2	34.5	 
35.1	33.1	31	33.7	42.3	42.4	 
35.2	34.9	51.1	82	94.5	NaN	 
39.1	73	80.7	91.5	NaN	NaN	 
];
x.IFMCs = x.IFMCs';
