function x = MTprofile12_45hr14_Oct_2012
%created: 12_45hr14_Oct_2012

x.BFs = [250   500  1000  2000  4000  6000];

x.LongTone = [15.4      11.7      12.2      19.8      18.3      19.9];
x.ShortTone = [18.1      14.4      15.5      22.3      20.1      22.3];

x.Gaps = [0.01      0.03      0.05      0.07      0.09];
x.TMCFreq = [250   500  1000  2000  4000  6000];
x.TMC = [
26.9	23.5	18.9	16.7	17.6	28.9	 
32.9	29.8	31.5	26.3	25.5	46.4	 
45	39.7	29.1	18.6	34.8	44.8	 
32.5	44.5	32.5	27.1	29.4	50.6	 
50	63.7	32.6	27.9	27.3	51.5	 
];
x.TMC = x.TMC';

x.MaskerRatio = [0.5      0.7      0.9        1      1.1      1.3      1.6];
x.IFMCFreq = [250   500  1000  2000  4000  6000];
x.IFMCs = [
36.3	54.1	64	63.1	69.3	75.4	 
31.9	35.6	42.3	57.7	61.4	64.9	 
28.8	25.7	25.5	16.1	38.1	39.2	 
25.2	23.9	21.8	18.3	22.5	30.6	 
26.5	23.5	20.9	15	25.9	32.7	 
23.2	29.5	34.7	44.2	52.6	68.4	 
29.7	69.5	78.4	88.3	102	105	 
];
x.IFMCs = x.IFMCs';
