function x = MTprofile14_17hr22_Jun_2012
%created: 14_17hr22_Jun_2012

x.BFs = [250   500  1000  2000  4000  6000];

x.LongTone = [10.4      5.98      4.47      5.95      4.53      5.38];
x.ShortTone = [15.4      11.4      8.14      11.1      10.1      13.5];

x.Gaps = [0.01      0.03      0.05      0.07      0.09];
x.TMCFreq = [250   500  1000  2000  4000  6000];
x.TMC = [
27.9	23.2	20.3	36	22.2	28.7	 
28.9	26.6	20.1	54.8	38.8	48.7	 
32.2	37.5	27.7	47.5	62.4	56.8	 
71	73.7	46.1	63.7	71.2	58	 
84.5	92.9	54.1	77	50.5	79.1	 
];
x.TMC = x.TMC';

x.MaskerRatio = [0.5      0.7      0.9        1      1.1      1.3      1.6];
x.IFMCFreq = [250   500  1000  2000  4000  6000];
x.IFMCs = [
40.9	56.3	64.3	64.9	69.3	69.8	 
33.2	39.1	52	54.5	53.5	53.7	 
28	27.1	22.8	54	50.7	41	 
27.8	24.4	20.9	34.5	37.8	34.1	 
26.6	24.7	19.9	30.5	37.2	39.7	 
25.7	28.1	42	76.6	87.2	93.2	 
30.2	60.1	71.6	84.9	90.6	NaN	 
];
x.IFMCs = x.IFMCs';
