function x = MTprofile9_52hr01_Apr_2013
%created: 9_52hr01_Apr_2013

x.BFs = [2000];

x.LongTone = [-9.08];
x.ShortTone = [-6.75];

x.Gaps = [0.01      0.03      0.05      0.07      0.09];
x.TMCFreq = [2000];
x.TMC = [
9.75	 
11.9	 
22.8	 
48.8	 
77.4	 
];
x.TMC = x.TMC';

x.MaskerRatio = [0.5      0.7      0.9        1      1.1      1.3      1.6];
x.IFMCFreq = [2000];
x.IFMCs = [
56.9	 
46.3	 
21	 
10	 
8.27	 
47.6	 
73.1	 
];
x.IFMCs = x.IFMCs';
