function x = MTprofile9_57hr17_Sep_2012
%created: 9_57hr17_Sep_2012

x.BFs = [250   500  1000  2000  4000  6000];

x.LongTone = [57.8      48.8      45.5      51.9      58.4      63.8];
x.ShortTone = [57.9      49.2      46.3      51.7      58.5      64.2];

x.Gaps = [0.01      0.03      0.05      0.07      0.09];
x.TMCFreq = [250   500  1000  2000  4000  6000];
x.TMC = [
68.5	61.2	52.3	56.5	61.5	70.8	 
73.7	57.6	52.6	58.4	64.1	70.4	 
95.6	65	51.5	56.5	63.4	69.6	 
78.9	58	55.9	56.7	61.8	69.2	 
69.3	65.1	54.7	57.2	64.1	68.6	 
];
x.TMC = x.TMC';

x.MaskerRatio = [0.5      0.7      0.9        1      1.1      1.3      1.6];
x.IFMCFreq = [250   500  1000  2000  4000  6000];
x.IFMCs = [
88.9	72.1	68.1	63	61.5	61.4	 
94.4	65.5	56.6	50.5	45.9	48	 
80.6	60.4	50.3	52.9	56.4	63.5	 
70.3	55.9	50.5	56.3	59.8	68.1	 
82.5	54.4	51.3	62.2	65.8	75	 
70.5	52.4	60	69.1	76.3	83.7	 
70.6	59.6	65.2	72.6	84.1	97.6	 
];
x.IFMCs = x.IFMCs';
