function x = MTprofile14_23hr21_Nov_2012
%created: 14_23hr21_Nov_2012

x.BFs = [250   500  1000  2000  4000  6000];

x.LongTone = [25.2      21.1      23.6      35.2      39.8      33.9];
x.ShortTone = [24.7      23.4      24.7      39.2      41.3      39.6];

x.Gaps = [0.01      0.03      0.05      0.07      0.09];
x.TMCFreq = [250   500  1000  2000  4000  6000];
x.TMC = [
16.9	30.4	19.2	24.4	17.4	21.5	 
15.4	50.3	29.6	23.6	21.4	22.6	 
20.1	64.5	15.3	23.6	21.6	30.8	 
18.6	56.9	24.8	31.8	24.5	22.6	 
21.5	83.4	47.5	31.6	22.9	21.8	 
];
x.TMC = x.TMC';

x.MaskerRatio = [0.5      0.7      0.9        1      1.1      1.3      1.6];
x.IFMCFreq = [250   500  1000  2000  4000  6000];
x.IFMCs = [
25.7	57.4	51.5	60.3	56.4	46.9	 
16.6	45	32.7	39.2	55.9	62.2	 
17.6	38.9	24.4	26.2	17.6	26.6	 
18.9	29.2	19.4	18.8	18.3	21.5	 
16.5	30.4	26.1	20.3	9.51	23.7	 
8.18	31.7	36.3	34.4	32.6	35.7	 
18.1	65.6	63.6	75.2	57.3	NaN	 
];
x.IFMCs = x.IFMCs';
