function x = MTprofile13_33hr22_Jan_2013
%created: 13_33hr22_Jan_2013

x.BFs = [250   500  1000  2000  4000  6000];

x.LongTone = [14.8      12.3        13      14.6      13.1        15];
x.ShortTone = [17.3      13.4      14.9      16.1      15.3      14.7];

x.Gaps = [0.01      0.03      0.05      0.07      0.09];
x.TMCFreq = [250   500  1000  2000  4000  6000];
x.TMC = [
19	25.4	26.1	24.5	21.8	21.5	 
25.9	32.8	NaN	84.6	50.3	54.3	 
25.8	47.7	NaN	NaN	NaN	80.9	 
28.4	76.3	NaN	NaN	NaN	64.3	 
27.9	76.7	NaN	NaN	NaN	NaN	 
];
x.TMC = x.TMC';

x.MaskerRatio = [0.5      0.7      0.9        1      1.1      1.3      1.6];
x.IFMCFreq = [250   500  1000  2000  4000  6000];
x.IFMCs = [
28.3	45.5	67.4	71.9	70.4	72.2	 
25.5	34.1	44.5	58.7	71.1	72.2	 
20.1	27.3	27.5	41.3	28.9	39.9	 
18.7	23.9	26.3	37.6	23.9	21.2	 
16.6	23.9	28.3	37	44.4	30.7	 
20.2	26.1	34	66.5	40.8	42.4	 
20.1	34.7	82.3	65.1	74.5	NaN	 
];
x.IFMCs = x.IFMCs';
