function x = MTprofile20_36hr29_Mar_2013
%created: 20_36hr29_Mar_2013

x.BFs = [500];

x.LongTone = [10.3];
x.ShortTone = [11.6];

x.Gaps = [0.01      0.03      0.05      0.07      0.09];
x.TMCFreq = [500];
x.TMC = [
23.8	 
26.8	 
28	 
30.1	 
31.9	 
];
x.TMC = x.TMC';

x.MaskerRatio = [0.5      0.7      0.9        1      1.1      1.3      1.6];
x.IFMCFreq = [500];
x.IFMCs = [
55.6	 
37.8	 
27.1	 
23.5	 
22.9	 
25.8	 
55.5	 
];
x.IFMCs = x.IFMCs';
