function x = MTprofile15_10hr24_Nov_2012
%created: 15_10hr24_Nov_2012

x.BFs = [250   500  1000  2000  4000  6000];

x.LongTone = [1.01     -3.94     -5.21    -0.688      1.65      3.92];
x.ShortTone = [4.63     0.471     -0.94      5.24      6.67      8.16];

x.Gaps = [0.01      0.03      0.05      0.07      0.09];
x.TMCFreq = [250   500  1000  2000  4000  6000];
x.TMC = [
19.9	15.1	16.2	19.6	22.3	22.4	 
24	19.6	19.7	26.1	26.5	31.5	 
29.1	29.1	25.1	31	60.3	48.1	 
32.3	31.5	27.2	50.2	73.2	79	 
35	31.9	32.4	53.8	82.8	88.1	 
];
x.TMC = x.TMC';

x.MaskerRatio = [0.5      0.7      0.9        1      1.1      1.3      1.6];
x.IFMCFreq = [250   500  1000  2000  4000  6000];
x.IFMCs = [
30.7	33.9	35.4	47.5	60.5	61.4	 
26.5	25.8	26.9	35.9	65.3	47.1	 
20.6	18.6	18.4	22.5	26.7	26.2	 
21.6	17.5	14.9	20.6	21.4	22.5	 
20.3	18.2	17.6	23.4	24.7	30	 
23	23	30.2	39.2	43.9	42.6	 
27.2	32.7	46.2	72.3	81.5	62	 
];
x.IFMCs = x.IFMCs';
