function x = MTprofile12_48hr05_Oct_2012
%created: 12_48hr05_Oct_2012

x.BFs = [1000];

x.LongTone = [16.6];
x.ShortTone = [17.9];

x.Gaps = [0.01      0.03      0.05      0.07      0.09];
x.TMCFreq = [1000];
x.TMC = [
20.7	 
44.7	 
80.2	 
NaN	 
NaN	 
];
x.TMC = x.TMC';

x.MaskerRatio = [0.5      0.7      0.9        1      1.1      1.3      1.6];
x.IFMCFreq = [1000];
x.IFMCs = [
70.3	 
45.1	 
24.6	 
19.6	 
25.2	 
31.9	 
75.5	 
];
x.IFMCs = x.IFMCs';
