function x = MTprofile12_0hr06_Apr_2013
%created: 12_0hr06_Apr_2013

x.BFs = [250   500  1000  2000  4000  6000];

x.LongTone = [56.9      48.2      45.5      50.3      59.2      64.8];
x.ShortTone = [57.7      49.4      45.3      51.3      61.2        67];

x.Gaps = [0.01      0.03      0.05      0.07      0.09];
x.TMCFreq = [250   500  1000  2000  4000  6000];
x.TMC = [
67.4	68.1	66.6	55.6	40.1	51.2	 
84	75.5	72.3	65.8	43.9	43.2	 
75.6	81.5	76.2	62	45.6	54.7	 
69.5	88.8	66.5	57.2	45.6	44.8	 
74	99	62	87.4	39.3	50.4	 
];
x.TMC = x.TMC';

x.MaskerRatio = [0.5      0.7      0.9        1      1.1      1.3      1.6];
x.IFMCFreq = [250   500  1000  2000  4000  6000];
x.IFMCs = [
78.4	84.5	75.1	59.3	45.3	36	 
75.9	64.8	64.5	55.7	33.5	26.2	 
71.8	73.4	56.9	52.2	37	42.7	 
68	66.8	67.1	60.5	45.9	18.4	 
72.3	58.3	70.5	63.3	48.3	21.3	 
61.7	61.9	66.6	72.2	51	61.7	 
60	71.7	81.2	86.4	59.8	61.8	 
];
x.IFMCs = x.IFMCs';
