function x = MTprofile10_41hr06_Apr_2013
%created: 10_41hr06_Apr_2013

x.BFs = [2000];

x.LongTone = [41.2];
x.ShortTone = [42.9];

x.Gaps = [0.01      0.03      0.05      0.07      0.09];
x.TMCFreq = [2000];
x.TMC = [
55.7	 
83.4	 
70	 
60.7	 
70.9	 
];
x.TMC = x.TMC';

x.MaskerRatio = [0.5      0.7      0.9        1      1.1      1.3      1.6];
x.IFMCFreq = [2000];
x.IFMCs = [
55.9	 
47.4	 
56.6	 
57	 
60.7	 
66.8	 
83.2	 
];
x.IFMCs = x.IFMCs';
