function x = MTprofile9_25hr10_Oct_2012
%created: 9_25hr10_Oct_2012

x.BFs = [250   500  1000  2000  4000  6000];

x.LongTone = [8.92      4.27      3.09     0.699     -1.63     0.897];
x.ShortTone = [11.5      8.73      5.69      4.05     0.965      3.28];

x.Gaps = [0.01      0.03      0.05      0.07      0.09];
x.TMCFreq = [250   500  1000  2000  4000  6000];
x.TMC = [
23.2	21.7	19.7	17.1	13.8	17.4	 
26.3	35.5	32.5	24.3	20.2	24.4	 
49	NaN	93.8	59	52	83	 
NaN	NaN	NaN	NaN	NaN	NaN	 
NaN	NaN	NaN	NaN	NaN	NaN	 
];
x.TMC = x.TMC';

x.MaskerRatio = [0.5      0.7      0.9        1      1.1      1.3      1.6];
x.IFMCFreq = [250   500  1000  2000  4000  6000];
x.IFMCs = [
38.3	50.8	64.2	60.8	58.9	55.6	 
30.1	37.2	44.2	49.4	40.6	40.3	 
24.5	24.3	22.4	24.6	22.5	24.7	 
22.4	21.8	17.6	16.7	16.5	17.7	 
22.4	21.9	18	19.7	19.8	25.9	 
23.2	27.7	30.7	36.8	43	52.7	 
26.2	39.4	68.7	76.5	86.4	94.7	 
];
x.IFMCs = x.IFMCs';
