function x = MTprofile8_28hr23_Oct_2012
%created: 8_28hr23_Oct_2012

x.BFs = [250   500  1000  2000  4000  6000];

x.LongTone = [NaN      49.7        46      52.9      59.1        65];
x.ShortTone = [NaN      50.4      46.2      53.9      59.5      65.8];

x.Gaps = [0.01      0.03      0.05      0.07      0.09];
x.TMCFreq = [250   500  1000  2000  4000  6000];
x.TMC = [
NaN	50.9	46.6	51.3	56.2	63.1	 
NaN	54.3	47.8	51.9	57.6	68.4	 
NaN	57.2	49.9	52	59.8	66.7	 
NaN	53.5	64.6	55.7	59.1	69.6	 
NaN	57.8	57.3	64.1	57.6	77.1	 
];
x.TMC = x.TMC';

x.MaskerRatio = [0.5      0.7      0.9        1      1.1      1.3      1.6];
x.IFMCFreq = [250   500  1000  2000  4000  6000];
x.IFMCs = [
NaN	67.2	63.1	60.2	57	56.2	 
NaN	58.7	50.1	47.2	40.6	42.4	 
NaN	53.3	47	47.2	51.1	57.6	 
NaN	50.1	46.3	51	57.6	65.2	 
NaN	48.1	47.4	55.5	62.3	70.7	 
NaN	48.3	54.4	63.6	72	79.2	 
NaN	50.5	61.2	70.3	79.9	88.7	 
];
x.IFMCs = x.IFMCs';
