function x = MTprofile18_42hr28_Mar_2013
%created: 18_42hr28_Mar_2013

x.BFs = [250   500  1000  2000  4000  6000];

x.LongTone = [15.1      8.84      3.58      5.74      6.96      10.7];
x.ShortTone = [20.2      13.8      8.22      10.8      11.6        14];

x.Gaps = [0.01      0.03      0.05      0.07      0.09];
x.TMCFreq = [250   500  1000  2000  4000  6000];
x.TMC = [
32.3	41.1	42.2	28.1	44.6	26.9	 
37.6	54.9	57.3	48.5	55.8	36.2	 
39	63.4	57.2	51.9	62.5	64.4	 
42.9	81.3	80.4	53.2	66.1	62.9	 
50.1	91.8	NaN	54.3	65.7	73.9	 
];
x.TMC = x.TMC';

x.MaskerRatio = [0.5      0.7      0.9        1      1.1      1.3      1.6];
x.IFMCFreq = [250   500  1000  2000  4000  6000];
x.IFMCs = [
41.7	57.7	54.4	40.7	37.3	36.5	 
35.5	46.4	49.9	27.5	26.3	26.5	 
30.4	35	42.2	36	37.9	38.9	 
32.1	37.1	39.7	29.4	27.7	29.7	 
33	41.3	42.4	29.2	34.9	32.1	 
44.1	42.7	52.3	56.8	65.5	73.8	 
30.9	45.4	66.1	70	77.1	90.9	 
];
x.IFMCs = x.IFMCs';
