function x = MTprofile10_55hr22_Dec_2011
%created: 10_55hr22_Dec_2011

x.BFs = [250   500  1000  2000  4000  8000];

x.LongTone = [15.2      12.4      11.7      30.5      46.2      35.6];
x.ShortTone = [16.8      14.2      15.2      43.2        55        43];

x.Gaps = [0.01      0.03      0.05      0.07      0.09];
x.TMCFreq = [250   500  1000  2000  4000  8000];
x.TMC = [
30.1	35.4	27.7	32.1	53.4	37.8	 
45.9	39	25.5	48.3	55.9	42.2	 
61.5	73.3	39	20.3	65	36.9	 
82.4	74.4	46.1	48.6	73.1	41.7	 
99.3	86	51.3	35.6	69.8	49.8	 
];
x.TMC = x.TMC';

x.MaskerRatio = [0.5      0.7      0.9        1      1.1      1.3      1.6];
x.IFMCFreq = [250   500  1000  2000  4000  8000];
x.IFMCs = [
64.4	74.9	72.1	70.3	77.1	76	 
50.3	51.5	49.1	50.7	81.8	55.4	 
30.9	38.4	31.2	19.9	52.7	37.1	 
29.9	34.6	21.2	31.2	46.4	31.9	 
27.1	33.3	26.5	20.6	52	33.2	 
35.1	44	40.3	36	74.5	53.9	 
49.2	84	86.7	90.8	102	84.5	 
];
x.IFMCs = x.IFMCs';
