function x = MTprofile7_53hr25_Oct_2012
%created: 7_53hr25_Oct_2012

x.BFs = [1000];

x.LongTone = [10.9];
x.ShortTone = [11.1];

x.Gaps = [0.01      0.03      0.05      0.07      0.09];
x.TMCFreq = [1000];
x.TMC = [
5.82	 
6.39	 
2.25	 
47.8	 
8.53	 
];
x.TMC = x.TMC';

x.MaskerRatio = [0.5      0.7      0.9        1      1.1      1.3      1.6];
x.IFMCFreq = [1000];
x.IFMCs = [
56.2	 
29.1	 
8.78	 
3.18	 
4.15	 
14.7	 
28.6	 
];
x.IFMCs = x.IFMCs';
