function x = MTprofile10_7hr25_Apr_2013
%created: 10_7hr25_Apr_2013

x.BFs = [250   500  1000  2000  4000  6000];

x.LongTone = [24.7      20.9        16      13.4        10      11.3];
x.ShortTone = [27.9      24.3        20      16.8      13.4      15.3];

x.Gaps = [0.01      0.03      0.05      0.07      0.09];
x.TMCFreq = [250   500  1000  2000  4000  6000];
x.TMC = [
39.8	39	37.8	32.4	28.2	30.9	 
47.3	48.1	45.7	44.2	35	35.9	 
59	69.1	75.6	52.8	40.8	42.7	 
77.1	NaN	NaN	107	75.3	82.8	 
87.5	NaN	NaN	NaN	NaN	NaN	 
];
x.TMC = x.TMC';

x.MaskerRatio = [0.5      0.7      0.9        1      1.1      1.3      1.6];
x.IFMCFreq = [250   500  1000  2000  4000  6000];
x.IFMCs = [
55	66.6	65	58.8	53	51.1	 
46.3	53.8	57.4	50.1	43.4	41.8	 
41.9	41.8	46.6	54.7	39.2	38.9	 
41.6	40.7	36.3	33.5	26.8	30.7	 
39.3	39.6	38.5	33.4	32	37.1	 
41.9	57.9	57.5	61.2	67.1	73.4	 
51.1	56.9	64.5	65.6	72.6	80	 
];
x.IFMCs = x.IFMCs';
