function x = MTprofile6_34hr25_Oct_2012
%created: 6_34hr25_Oct_2012

x.BFs = [0.016        0.25];

