function x = MTprofile15_9hr06_Mar_2013
%created: 15_9hr06_Mar_2013

x.BFs = [1000];

x.LongTone = [-5.56];
x.ShortTone = [0.147];

x.Gaps = [0.01      0.03      0.05      0.07      0.09];
x.TMCFreq = [1000];
x.TMC = [
12.9	 
15.6	 
20	 
25.2	 
41.2	 
];
x.TMC = x.TMC';

x.MaskerRatio = [0.5      0.7      0.9        1      1.1      1.3      1.6];
x.IFMCFreq = [1000];
x.IFMCs = [
58.2	 
45.1	 
16.4	 
11.1	 
13	 
24.6	 
60.8	 
];
x.IFMCs = x.IFMCs';
