function x = MTprofile13_14hr02_Mar_2013
%created: 13_14hr02_Mar_2013

x.BFs = [250   500  1000  2000  4000  6000];

x.LongTone = [5.48     0.438     -1.99     -3.96     -4.81    -0.648];
x.ShortTone = [9.2      4.99       2.1     0.247     0.789      3.07];

x.Gaps = [0.01      0.03      0.05      0.07      0.09];
x.TMCFreq = [250   500  1000  2000  4000  6000];
x.TMC = [
18.9	16.8	13.1	11.1	15.5	15.9	 
20.6	19.2	20	18.2	37.5	20.3	 
24.7	25.5	30.6	15.9	19.5	30.3	 
33.2	35.2	71	35	60.7	33.3	 
51	87.7	95.8	80.3	69.7	61.5	 
];
x.TMC = x.TMC';

x.MaskerRatio = [0.5      0.7      0.9        1      1.1      1.3      1.6];
x.IFMCFreq = [250   500  1000  2000  4000  6000];
x.IFMCs = [
35.7	47.7	59.2	54.3	54.3	53.5	 
27.1	30.7	45.4	43	40.6	36.2	 
22.5	19.5	18.1	18.8	21.8	26.9	 
19.7	16.8	14.5	10.8	14.9	15.5	 
18.7	14.6	13.6	14.1	17.3	23.4	 
19.5	19.9	26.7	39.4	57.7	59.4	 
22.7	52	61.5	70.1	84.9	93.6	 
];
x.IFMCs = x.IFMCs';
