function x = MTprofile8_37hr24_Dec_2011
%created: 8_37hr24_Dec_2011

x.BFs = [250   500  1000  2000  4000  8000];

x.LongTone = [14.6        12      12.8      31.1      43.4        36];
x.ShortTone = [16.2      14.9      15.9      43.3      56.7      43.5];

x.Gaps = [0.01      0.03      0.05      0.07      0.09];
x.TMCFreq = [250   500  1000  2000  4000  8000];
x.TMC = [
28.4	35.9	21	32.8	63.8	28.5	 
36.5	53.5	29.6	29.7	71.6	44.6	 
58.6	69	47.5	40.5	66.8	44.4	 
87.6	84.4	39.8	60	60.8	45.5	 
98.1	93.2	54.2	47.5	79.5	53.8	 
];
x.TMC = x.TMC';

x.MaskerRatio = [0.5      0.7      0.9        1      1.1      1.3      1.6];
x.IFMCFreq = [250   500  1000  2000  4000  8000];
x.IFMCs = [
64.1	77.3	74.9	69.1	79.4	80.8	 
41.7	55.1	47.5	43	80.9	58.1	 
31.8	34.1	24.3	31.1	72.1	38.9	 
27	36.6	23.3	20.8	60.5	36.4	 
21.8	36.3	22.6	41.8	59.4	35.3	 
30.2	48.7	51.7	50.4	80.1	49.7	 
42.6	85.2	87	92.5	102	53.1	 
];
x.IFMCs = x.IFMCs';
