function x = MTprofile15_24hr14_Mar_2012
%created: 15_24hr14_Mar_2012

x.BFs = [250   500  1000  2000  4000  8000];

x.LongTone = [6.67       3.1     0.279      2.93      3.71       9.6];
x.ShortTone = [10.4      6.42      4.85      9.13      8.98      15.6];

x.Gaps = [0.01      0.03      0.05      0.07      0.09];
x.TMCFreq = [250   500  1000  2000  4000  8000];
x.TMC = [
22.7	18.8	21.1	64.2	23.8	26	 
30.7	25.4	64.4	86.2	35.3	35.3	 
42.7	61.2	61.9	92.6	40.2	45.8	 
104	75.5	68	NaN	54.9	44.1	 
NaN	NaN	NaN	NaN	72.7	52.8	 
];
x.TMC = x.TMC';

x.MaskerRatio = [0.5      0.7      0.9        1      1.1      1.3      1.6];
x.IFMCFreq = [250   500  1000  2000  4000  8000];
x.IFMCs = [
35.7	53.1	69.4	75.2	69.7	69.8	 
31.2	34.9	56.5	67.8	59.5	59.8	 
23.8	22.4	26.4	73	34.2	38.6	 
23.7	19.7	23.3	47.2	20.8	32.8	 
21.5	19	17.7	59.5	26.7	32.9	 
22.7	25.8	44.7	88.5	92.5	72.3	 
25.1	66	80.2	100	103	NaN	 
];
x.IFMCs = x.IFMCs';
