function x = MTprofile13_38hr09_May_2012
%created: 13_38hr09_May_2012

x.BFs = [250   500  1000  2000  4000  6000];

x.LongTone = [8.87       5.5      3.66       4.6      2.66      4.92];
x.ShortTone = [15.1      11.6      10.3      11.4      10.3        13];

x.Gaps = [0.01      0.03      0.05      0.07      0.09];
x.TMCFreq = [250   500  1000  2000  4000  6000];
x.TMC = [
26.5	23.3	21.6	26.2	33	29.1	 
26.1	26.2	33.6	28.2	24.9	46	 
29.4	26.1	46.1	40.4	41.6	39.7	 
35.1	38.5	49.1	71.2	33	44	 
40	39.6	64.3	46.1	57.7	51.9	 
];
x.TMC = x.TMC';

x.MaskerRatio = [0.5      0.7      0.9        1      1.1      1.3      1.6];
x.IFMCFreq = [250   500  1000  2000  4000  6000];
x.IFMCs = [
38.6	52.7	64.4	63.4	60.7	63.8	 
31.2	38.9	53.4	52.5	51.6	53.4	 
28.2	26.3	28.3	39	32.2	39.2	 
24.9	22.9	21.5	24.2	33.9	29.6	 
24.8	21.9	22.4	35.3	31.6	45.3	 
24.7	27.1	39.9	71.3	83.2	90.9	 
29.6	59.8	71	81.7	93.7	NaN	 
];
x.IFMCs = x.IFMCs';
