function x = MTprofile7_9hr05_Mar_2013
%created: 7_9hr05_Mar_2013

x.BFs = [1000];

x.LongTone = [4.19];
x.ShortTone = [10.1];

x.Gaps = [0.01      0.03      0.05      0.07      0.09];
x.TMCFreq = [1000];
x.TMC = [
23.9	 
25.8	 
35.9	 
47.1	 
58.9	 
];
x.TMC = x.TMC';

x.MaskerRatio = [0.5      0.7      0.9        1      1.1      1.3      1.6];
x.IFMCFreq = [1000];
x.IFMCs = [
68	 
56.3	 
29.5	 
22.8	 
21	 
52.3	 
68.5	 
];
x.IFMCs = x.IFMCs';
