function x = MTprofile9_53hr01_Apr_2013
%created: 9_53hr01_Apr_2013

x.BFs = [4000];

x.LongTone = [-9.08];
x.ShortTone = [-6.75];

x.Gaps = [0.01      0.03      0.05      0.07      0.09];
x.TMCFreq = [4000];
x.TMC = [
11.5	 
16.2	 
43.5	 
32.8	 
99.7	 
];
x.TMC = x.TMC';

x.MaskerRatio = [0.5      0.7      0.9        1      1.1      1.3      1.6];
x.IFMCFreq = [4000];
x.IFMCs = [
54.8	 
41.7	 
25.1	 
7.94	 
17	 
70.8	 
82.1	 
];
x.IFMCs = x.IFMCs';
