function x = MTprofile11_36hr22_Oct_2012
%created: 11_36hr22_Oct_2012

x.BFs = [250   500  1000  2000  4000  6000];

x.LongTone = [NaN        50      46.3      52.9      59.4      65.4];
x.ShortTone = [NaN      50.4      46.8      52.8      59.1      65.2];

x.Gaps = [0.01      0.03      0.05      0.07      0.09];
x.TMCFreq = [250   500  1000  2000  4000  6000];
x.TMC = [
NaN	49.6	45	51.5	58.6	65.5	 
NaN	55.6	52.7	56.3	60	69.9	 
NaN	60.1	56.1	58.4	61.4	70.3	 
NaN	68.7	90	64.2	64.6	74	 
NaN	87.9	68.9	82.9	77.6	NaN	 
];
x.TMC = x.TMC';

x.MaskerRatio = [0.5      0.7      0.9        1      1.1      1.3      1.6];
x.IFMCFreq = [250   500  1000  2000  4000  6000];
x.IFMCs = [
NaN	67.2	63.6	59.2	58.1	55.7	 
NaN	60.8	53.5	46.6	41.8	41.8	 
NaN	54.2	46.7	48.3	51	57.4	 
NaN	51.2	47.2	51.7	58	64.4	 
NaN	49.7	48.8	56.1	62	71.7	 
NaN	47.9	55.4	64.1	72.2	81.5	 
NaN	50.7	63.6	73.8	79.7	91.6	 
];
x.IFMCs = x.IFMCs';
