function x = MTprofile7_0hr26_Oct_2012
%created: 7_0hr26_Oct_2012

x.BFs = [1000];

x.LongTone = [10.5];
x.ShortTone = [14.2];

x.Gaps = [0.01      0.03      0.05      0.07      0.09];
x.TMCFreq = [1000];
x.TMC = [
25.6	 
28.3	 
48.9	 
57.3	 
66.1	 
];
x.TMC = x.TMC';

x.MaskerRatio = [0.5      0.7      0.9        1      1.1      1.3      1.6];
x.IFMCFreq = [1000];
x.IFMCs = [
76.9	 
63.2	 
30.6	 
28.5	 
33.1	 
58.8	 
85.1	 
];
x.IFMCs = x.IFMCs';
