function x = MTprofile19_30hr27_Feb_2013
%created: 19_30hr27_Feb_2013

x.BFs = [250   500  1000  2000  4000  6000];

x.LongTone = [6.79      3.05     0.449     0.594     -3.12     -2.07];
x.ShortTone = [10.9      7.17      5.63      4.42     0.508      4.72];

x.Gaps = [0.01      0.03      0.05      0.07      0.09];
x.TMCFreq = [250   500  1000  2000  4000  6000];
x.TMC = [
22.1	17.1	19.5	17	12.3	18.9	 
25.9	20.6	20.5	19.5	12.3	22.2	 
29.5	23.8	43.1	28	15.5	24.7	 
42.8	58.7	69.1	34.8	21.4	37.1	 
NaN	NaN	76.5	78	30	64.6	 
];
x.TMC = x.TMC';

x.MaskerRatio = [0.5      0.7      0.9        1      1.1      1.3      1.6];
x.IFMCFreq = [250   500  1000  2000  4000  6000];
x.IFMCs = [
36.3	46.8	62.8	60.5	55.5	57	 
29.2	33.1	48.6	47.7	37.6	39.8	 
23.7	22.6	20.8	22.9	19	25.6	 
21.4	19.9	18.2	17.7	12.3	23	 
21.9	18.9	17.5	19.1	17.6	27.4	 
21.2	23.5	30.9	40	40.8	56.1	 
25	54.2	67.1	74.4	84.8	93.9	 
];
x.IFMCs = x.IFMCs';
