function x = MTprofile23_22hr21_Oct_2012
%created: 23_22hr21_Oct_2012

x.BFs = [250   500  1000  2000  4000  6000];

x.LongTone = [63.3      47.6      44.3      51.6      57.2      63.4];
x.ShortTone = [64.8      48.5      45.2      51.9      58.2      63.6];

x.Gaps = [0.01      0.03      0.05      0.07      0.09];
x.TMCFreq = [250   500  1000  2000  4000  6000];
x.TMC = [
57.5	57.5	55	58.6	63.5	69.6	 
59.3	NaN	NaN	NaN	93.4	NaN	 
63.4	NaN	NaN	NaN	NaN	NaN	 
63.2	NaN	NaN	NaN	NaN	NaN	 
61.4	NaN	NaN	NaN	NaN	NaN	 
];
x.TMC = x.TMC';

x.MaskerRatio = [0.5      0.7      0.9        1      1.1      1.3      1.6];
x.IFMCFreq = [250   500  1000  2000  4000  6000];
x.IFMCs = [
69.2	77	69.4	67.5	61.4	72.1	 
64.8	67.5	58.2	52.2	47.3	51.4	 
61.2	63.6	56.8	53.4	55.8	68.1	 
57.4	56.9	54.4	55.5	61.7	73.3	 
55.7	60.6	55	61.3	68.5	75.6	 
52.6	65.3	60	70.1	74.9	85.9	 
47.3	71.2	71.8	75.3	86.7	NaN	 
];
x.IFMCs = x.IFMCs';
