function x = MTprofile10_22hr03_Mar_2012
%created: 10_22hr03_Mar_2012

x.BFs = [250   500  1000  2000  4000  8000];

x.LongTone = [11.2      8.32      7.78      11.3        18      24.2];
x.ShortTone = [12.3      10.4       9.5      15.8      24.2      28.7];

x.Gaps = [0.01      0.03      0.05      0.07      0.09];
x.TMCFreq = [250   500  1000  2000  4000  8000];
x.TMC = [
18.6	16.4	13.3	19.2	22.1	30.3	 
18.2	15.6	12.7	19	26.2	32.6	 
19.8	17.3	12.7	18	28.6	31.1	 
18.4	16.1	15.9	22.5	34.8	35	 
18.6	16.1	15.2	23.7	31.7	33.3	 
];
x.TMC = x.TMC';

x.MaskerRatio = [0.5      0.7      0.9        1      1.1      1.3      1.6];
x.IFMCFreq = [250   500  1000  2000  4000  8000];
x.IFMCs = [
26.8	38.9	51.9	56.8	59.1	64.9	 
24	28.5	33.9	55.6	64.1	70.9	 
20.8	17.6	17.7	20.7	31.2	31.1	 
17.6	17	13.9	17.9	23.1	31.5	 
15.5	18.6	18.5	21.3	29.2	38.6	 
13.7	32.4	69	69.3	79.1	75.5	 
15	68.9	70.6	75.4	82.7	86.7	 
];
x.IFMCs = x.IFMCs';
