function x = MTprofile8_26hr13_May_2012
%created: 8_26hr13_May_2012

x.BFs = [250   500  1000  2000  4000  6000];

x.LongTone = [19.5      15.7      16.8      33.4      31.3      27.4];
x.ShortTone = [21      18.8      21.1      55.5      41.9      34.6];

x.Gaps = [0.01      0.03      0.05      0.07      0.09];
x.TMCFreq = [250   500  1000  2000  4000  6000];
x.TMC = [
32.6	65.5	28.1	62	48.7	19.2	 
36.6	85.5	29.2	67.7	22.4	44.1	 
56.9	89.6	48.4	52.7	37.2	44.4	 
89.2	NaN	42.4	49.5	57.2	55	 
NaN	NaN	44	70.5	39.7	52.4	 
];
x.TMC = x.TMC';

x.MaskerRatio = [0.5      0.7      0.9        1      1.1      1.3      1.6];
x.IFMCFreq = [250   500  1000  2000  4000  6000];
x.IFMCs = [
50.1	81.7	68.8	72.4	59.3	71.2	 
46	62.3	53.8	54.3	46.5	59.8	 
30.2	63.7	24.7	67.8	49.7	58.7	 
30	55.1	25.1	59.6	38.6	37.8	 
31.5	51.3	36.8	44.1	44.6	46	 
29.3	71.5	30.7	74.4	58.3	85.7	 
38.7	78.3	76.8	88.1	85.7	NaN	 
];
x.IFMCs = x.IFMCs';
