function x = MTprofile13_2hr15_Jul_2012
%created: 13_2hr15_Jul_2012

x.BFs = [250   500  1000  2000  4000  6000];

x.LongTone = [12.9      8.62      5.76      4.73     0.976      4.01];
x.ShortTone = [15.4      11.5      9.43      8.53      4.97      7.03];

x.Gaps = [0.01      0.03      0.05      0.07      0.09];
x.TMCFreq = [250   500  1000  2000  4000  6000];
x.TMC = [
26	22.7	21.8	20.7	17.1	21.4	 
28.1	26.9	25	26.7	22.8	26.4	 
34.5	31.3	38.6	89.8	29.7	41.2	 
60.5	69.6	NaN	NaN	97	NaN	 
NaN	NaN	NaN	NaN	NaN	NaN	 
];
x.TMC = x.TMC';

x.MaskerRatio = [0.5      0.7      0.9        1      1.1      1.3      1.6];
x.IFMCFreq = [250   500  1000  2000  4000  6000];
x.IFMCs = [
39.5	56.2	66.5	65.1	60.5	57.7	 
32.8	37	54	51	43.8	44.4	 
28	26.4	25.7	36	25.2	29.2	 
26.2	24.3	22.3	20.2	17.1	19.9	 
25.8	23	21.8	23.4	21.4	26.6	 
25.1	26.4	35.9	54.8	56.2	62.2	 
30.1	58.4	68.7	77.8	87.1	95.7	 
];
x.IFMCs = x.IFMCs';
