function x = MTprofile15_6hr15_May_2012
%created: 15_6hr15_May_2012

x.BFs = [250   500  1000  2000  4000  6000];

x.LongTone = [53.4      40.5      40.6      41.4        42      47.2];
x.ShortTone = [55.7      43.4      45.2      46.2      47.1        53];

x.Gaps = [0.01      0.03      0.05      0.07      0.09];
x.TMCFreq = [250   500  1000  2000  4000  6000];
x.TMC = [
102	86.9	88.2	69.5	71.8	73.3	 
NaN	91.9	102	74.4	77.9	76.5	 
NaN	92.5	NaN	84.8	80.1	81.9	 
NaN	94.1	NaN	80.1	73	83.5	 
NaN	95.5	NaN	84.3	83.9	91.8	 
];
x.TMC = x.TMC';

x.MaskerRatio = [0.5      0.7      0.9        1      1.1      1.3      1.6];
x.IFMCFreq = [250   500  1000  2000  4000  6000];
x.IFMCs = [
NaN	100	90.7	92.1	98.3	94.2	 
NaN	92.8	86.5	83.5	87	77.3	 
NaN	88.4	87.5	72.5	73.9	66.3	 
103	87.5	88.6	74	68.9	75.4	 
99.6	87.2	92.5	74.2	71.3	81.3	 
97.2	87.1	98.5	80.8	85.5	92.9	 
92.6	91.6	NaN	89.4	97.6	NaN	 
];
x.IFMCs = x.IFMCs';
