function x = MTprofileOHC2_10_54hr11_May_2013
%created: 11_19hr11_May_2013

x.BFs = [250   500  1000  2000  4000  6000];

x.LongTone = [51.3      40.7      37.7      42.7      42.8      45.4];
x.ShortTone = [50.2      40.7      38.4      43.2      44.6      46.2];

x.Gaps = [0.01      0.03      0.05      0.07      0.09];
x.TMCFreq = [250   500  1000  2000  4000  6000];
x.TMC = [
57.6	53.4	51.7	54.2	55.9	59.9	 
64.8	76.1	65.7	64.4	63.6	61.5	 
66.3	NaN	62.7	62.5	68.8	63.1	 
74.3	NaN	NaN	NaN	74.6	63.1	 
91.5	NaN	NaN	NaN	NaN	75.8	 
];
x.TMC = x.TMC';

x.MaskerRatio = [0.5      0.7      0.9        1      1.1      1.3      1.6];
x.IFMCFreq = [250   500  1000  2000  4000  6000];
x.IFMCs = [
63.9	75.1	67.1	62.1	60.2	55	 
62.1	61.8	58.9	55.4	51.7	46.5	 
56.9	62.7	57.5	55.6	53.8	55.6	 
59.3	52.8	59.2	54.7	57.7	56.4	 
63.9	57.6	61.4	56	56.4	57	 
61.5	58.8	62.5	68.3	69	73.9	 
52.4	60.3	68	74.7	79.4	81.7	 
];
x.IFMCs = x.IFMCs';
