function x = MTprofile10_52hr02_Apr_2013
%created: 10_52hr02_Apr_2013

x.BFs = [250   500  1000  2000  4000  6000];

x.LongTone = [17.9      11.2      8.25       7.8      7.06      10.6];
x.ShortTone = [22      17.4      13.3      12.6      11.3      14.9];

x.Gaps = [0.01      0.03      0.05      0.07      0.09];
x.TMCFreq = [250   500  1000  2000  4000  6000];
x.TMC = [
33	30.8	27.7	27.2	23	30	 
34.5	33	31.7	37.6	35.2	34.4	 
41.6	38.6	33.4	49	44.6	45.4	 
47.9	49.3	39.5	48.1	51.3	49.5	 
55.6	50.2	42.3	61.3	68	71.8	 
];
x.TMC = x.TMC';

x.MaskerRatio = [0.5      0.7      0.9        1      1.1      1.3      1.6];
x.IFMCFreq = [250   500  1000  2000  4000  6000];
x.IFMCs = [
47.6	62.3	61.9	57.5	50.1	51.3	 
40.7	48.4	56.9	48.3	47	49.6	 
36	34.5	32.5	57.5	39.4	40.1	 
36.5	33	27	29.5	25.1	31.4	 
33.3	31.3	30	29.6	32.8	36.7	 
32.5	41.3	57.4	64.8	71.2	76.1	 
38.1	56.8	60.9	68.6	77.1	79.4	 
];
x.IFMCs = x.IFMCs';
