function x = MTprofile14_6hr15_Jul_2012
%created: 14_6hr15_Jul_2012

x.BFs = [250   500  1000  2000  4000  6000];

x.LongTone = [7.93       4.4      1.86      1.31     -2.07    -0.677];
x.ShortTone = [10.3      7.15      5.13      3.26     0.943       2.6];

x.Gaps = [0.01      0.03      0.05      0.07      0.09];
x.TMCFreq = [250   500  1000  2000  4000  6000];
x.TMC = [
20.3	19.6	18.1	14.8	13	14.6	 
22.4	20.8	20.6	17.5	18.9	21.6	 
27.1	27.3	50.7	26.8	26.2	39.7	 
33.6	56	NaN	88.1	NaN	NaN	 
62.6	NaN	NaN	NaN	NaN	NaN	 
];
x.TMC = x.TMC';

x.MaskerRatio = [0.5      0.7      0.9        1      1.1      1.3      1.6];
x.IFMCFreq = [250   500  1000  2000  4000  6000];
x.IFMCs = [
34.3	48.7	61.8	59.1	57.7	54.1	 
27.9	33.1	47.6	46.3	39.4	38.9	 
22.2	21.2	22.4	22.8	22.9	22.6	 
20.8	19.5	16.4	16.1	13.9	14.4	 
20	17.9	17.7	16.6	18.5	21.4	 
19.7	21.9	28.8	36	44.6	51.2	 
24.4	36.1	65	73	85.6	91.9	 
];
x.IFMCs = x.IFMCs';
