function x = MTprofile20_45hr29_Mar_2013
%created: 20_45hr29_Mar_2013

x.BFs = [500];

x.LongTone = [2.57];
x.ShortTone = [7.76];

x.Gaps = [0.01      0.03      0.05      0.07      0.09];
x.TMCFreq = [500];
x.TMC = [
23.6	 
25.3	 
49.6	 
61.7	 
75.8	 
];
x.TMC = x.TMC';

x.MaskerRatio = [0.5      0.7      0.9        1      1.1      1.3      1.6];
x.IFMCFreq = [500];
x.IFMCs = [
56.9	 
37.7	 
27.7	 
24	 
21.3	 
25.4	 
52.9	 
];
x.IFMCs = x.IFMCs';
