function x = MTprofile10_13hr31_Mar_2013
%created: 10_13hr31_Mar_2013

x.BFs = [250   500  1000  2000  4000  6000];

x.LongTone = [8.61      4.97      1.41    -0.254     -1.01      2.26];
x.ShortTone = [11.4      7.36      4.42       3.7      2.85      3.92];

x.Gaps = [0.01      0.03      0.05      0.07      0.09];
x.TMCFreq = [250   500  1000  2000  4000  6000];
x.TMC = [
29.6	27	41.3	38.5	52.8	17.7	 
36.3	38.7	41	59.7	73	34.8	 
51.3	59.4	60.7	73.5	76	51.7	 
60.2	64.9	80.6	NaN	NaN	42.5	 
94.1	NaN	NaN	NaN	NaN	NaN	 
];
x.TMC = x.TMC';

x.MaskerRatio = [0.5      0.7      0.9        1      1.1      1.3      1.6];
x.IFMCFreq = [250   500  1000  2000  4000  6000];
x.IFMCs = [
54.8	71.6	71.4	66.9	64.8	61.4	 
38.8	53	62.2	56.8	55.4	53.1	 
33.6	33	39.1	66	52.6	28	 
27.5	31	28.7	42.6	29.4	19	 
24.9	26.4	30.5	48	34.8	29.5	 
26.9	37	62.4	77.9	84.9	87.8	 
38.9	63	72.7	86.1	95.4	95.5	 
];
x.IFMCs = x.IFMCs';
