function x = MTprofile9_29hr02_Apr_2013
%created: 9_29hr02_Apr_2013

x.BFs = [250   500  1000  2000  4000  6000];

x.LongTone = [17.9      11.2      8.25       7.8      7.06      10.6];
x.ShortTone = [22      17.4      13.3      12.6      11.3      14.9];

x.Gaps = [0.01      0.03      0.05      0.07      0.09];
x.TMCFreq = [250   500  1000  2000  4000  6000];
x.TMC = [
33	30.8	27.7	25	24.5	28.9	 
34.5	33	31.7	37.6	27.8	32.7	 
41.6	38.6	33.4	49	44.6	45.9	 
49.9	49.3	39	48.1	46.6	51.6	 
55.6	50.2	42.3	61.3	68	49	 
];
x.TMC = x.TMC';

x.MaskerRatio = [0.5      0.7      0.9        1      1.1      1.3      1.6];
x.IFMCFreq = [250   500  1000  2000  4000  6000];
x.IFMCs = [
47	62.5	63.5	58.5	53.4	54	 
41	48.2	55.5	48.6	47.9	47.6	 
36.9	34.3	35.9	57.9	37.7	38.8	 
35	31.3	25.4	25.8	25.5	32.4	 
34.9	31.6	29.1	37.1	34.3	36.7	 
32.3	34.9	56.7	65.8	71.9	79.3	 
36.4	57	62	70.9	77.2	84.2	 
];
x.IFMCs = x.IFMCs';
