function x = MTprofile18_19hr19_Apr_2012
%created: 18_19hr19_Apr_2012

x.BFs = [250   500  1000  2000  4000  6000];

x.LongTone = [16.1      11.3      9.52      11.8      15.6      19.4];
x.ShortTone = [18      13.6      12.8      17.6      23.4      26.7];

x.Gaps = [0.01      0.03      0.05      0.07      0.09];
x.TMCFreq = [250   500  1000  2000  4000  6000];
x.TMC = [
34.1	29.4	31.3	25.6	29.6	40.3	 
48	42.3	53.1	33.4	34	41.4	 
88.2	69.1	62.5	27.2	31.5	44.5	 
94.9	78.4	66.9	27.8	24.4	45.7	 
NaN	NaN	64.4	31.4	36.6	46.3	 
];
x.TMC = x.TMC';

x.MaskerRatio = [0.5      0.7      0.9        1      1.1      1.3      1.6];
x.IFMCFreq = [250   500  1000  2000  4000  6000];
x.IFMCs = [
50.8	65.7	73.9	67.2	61.9	75.2	 
36.9	40	62.3	53	59.2	61.9	 
34	30.8	38.9	25.7	34.7	61.2	 
32.1	27.9	32	19.4	19.5	40.1	 
31.7	27.2	39.9	39.6	34.7	41.8	 
32.4	30.7	71.3	70.4	90.8	102	 
35	67.9	85.2	91.7	102	NaN	 
];
x.IFMCs = x.IFMCs';
