function x = MTprofile17_49hr18_Mar_2012
%created: 17_49hr18_Mar_2012

x.BFs = [250   500  1000  2000  4000  8000];

x.LongTone = [8.04      3.67      3.25      3.58      6.56      11.8];
x.ShortTone = [11.9      8.05      6.82      7.86      12.7      19.1];

x.Gaps = [0.01      0.03      0.05      0.07      0.09];
x.TMCFreq = [250   500  1000  2000  4000  8000];
x.TMC = [
21.5	17.2	16.3	13.5	20.7	26.2	 
23.6	20.4	18.1	17.5	21	25.7	 
23	19	17.7	17.7	25	32.1	 
25.4	21.4	20.9	20.5	29.9	35	 
27.4	20.9	21.7	20.5	27.4	30.8	 
];
x.TMC = x.TMC';

x.MaskerRatio = [0.5      0.7      0.9        1      1.1      1.3      1.6];
x.IFMCFreq = [250   500  1000  2000  4000  8000];
x.IFMCs = [
33.3	45.1	61.6	63.2	63.3	64.1	 
27.7	31.7	39.6	54	48.5	52.6	 
22.3	19.6	20	21.5	25.1	33.4	 
19.7	16.3	15.4	15.5	18.6	22.9	 
20.4	16.1	16.7	14.1	26	32.6	 
20	20.1	26.3	37.7	49.9	61.7	 
23.6	31.4	51.7	86.8	99.8	103	 
];
x.IFMCs = x.IFMCs';
