function x = MTprofile11_40hr22_Dec_2011
%created: 11_40hr22_Dec_2011

x.BFs = [250   500  1000  2000  4000  8000];

x.LongTone = [64.4      60.5      57.7      62.2      66.6      75.2];
x.ShortTone = [66.6      62.5      61.4      63.8      72.7      79.1];

x.Gaps = [0.01      0.03      0.05      0.07      0.09];
x.TMCFreq = [250   500  1000  2000  4000  8000];
x.TMC = [
89.1	87.2	82.8	81.8	85.3	92.2	 
97.6	92.8	87.6	85.4	89.7	95.6	 
99.3	95.4	91.3	86.7	91.8	98	 
102	97.4	96.7	93.3	95.3	100	 
NaN	100	101	96.3	99.1	NaN	 
];
x.TMC = x.TMC';

x.MaskerRatio = [0.5      0.7      0.9        1      1.1      1.3      1.6];
x.IFMCFreq = [250   500  1000  2000  4000  8000];
x.IFMCs = [
96.9	92.6	81.7	75.3	79.6	88.1	 
95.7	88.4	82.1	75.2	81.5	90.2	 
92.4	87.1	82.1	78.9	85.1	91.8	 
90.2	87.1	81.6	82	85.8	93.2	 
89.2	86.7	83.2	83.3	89.1	92.9	 
87.5	87.7	86.8	87	92.4	98.9	 
86.5	88.4	92.1	94.5	98.8	NaN	 
];
x.IFMCs = x.IFMCs';
