function x = MTprofile9_54hr05_Mar_2013
%created: 9_54hr05_Mar_2013

x.BFs = [1000];

x.LongTone = [4.94];
x.ShortTone = [11.1];

x.Gaps = [0.01      0.03      0.05      0.07      0.09];
x.TMCFreq = [1000];
x.TMC = [
24.7	 
34.7	 
45	 
64	 
NaN	 
];
x.TMC = x.TMC';

x.MaskerRatio = [0.5      0.7      0.9        1      1.1      1.3      1.6];
x.IFMCFreq = [1000];
x.IFMCs = [
69	 
57.4	 
32.6	 
23	 
28.1	 
56.9	 
68.1	 
];
x.IFMCs = x.IFMCs';
