function x = MTprofile14_39hr22_Jun_2012
%created: 14_39hr22_Jun_2012

x.BFs = [2000  4000];

x.LongTone = [4.63       2.6];
x.ShortTone = [11.5      9.95];

x.Gaps = [0.01      0.03      0.05      0.07      0.09];
x.TMCFreq = [2000  4000];
x.TMC = [
52.9	41.1	 
70.9	60	 
66.4	64.4	 
69.3	51.5	 
69.2	81.6	 
];
x.TMC = x.TMC';

x.MaskerRatio = [0.5      0.7      0.9        1      1.1      1.3      1.6];
x.IFMCFreq = [2000  4000];
x.IFMCs = [
64.3	67	 
53.7	54.6	 
39.5	58.2	 
42.7	43.5	 
52.8	33.2	 
69.8	80.7	 
79.2	92.7	 
];
x.IFMCs = x.IFMCs';
