function x = MTprofile12_3hr28_Apr_2012
%created: 12_3hr28_Apr_2012

x.BFs = [250   500  1000  2000  4000  6000];

x.LongTone = [19.7      14.9      14.1      15.7      18.5      20.4];
x.ShortTone = [21      17.9        16      20.5      25.2      25.5];

x.Gaps = [0.01      0.03      0.05      0.07      0.09];
x.TMCFreq = [250   500  1000  2000  4000  6000];
x.TMC = [
20.1	18.1	15.5	10.9	-4.09	15.9	 
21.5	18.7	17.9	12	2.41	20.5	 
21.3	19.1	18.2	17.6	12.6	27.6	 
23.4	21.6	22.4	15.5	10.2	18.5	 
25	22.1	22.3	23.5	NaN	16	 
];
x.TMC = x.TMC';

x.MaskerRatio = [0.5      0.7      0.9        1      1.1      1.3      1.6];
x.IFMCFreq = [250   500  1000  2000  4000  6000];
x.IFMCs = [
35.1	50.1	68	64.1	47.4	65.9	 
28.3	32.7	52.8	51.7	37.9	53.2	 
23	20.6	20.9	17.2	20.6	34.7	 
21.1	17.7	15.6	15.9	7.04	18.8	 
19.5	16.5	17.1	18.2	10.8	25.6	 
20	21.3	32.1	40.7	36	83.8	 
23.4	38.1	73.6	84.7	58.2	NaN	 
];
x.IFMCs = x.IFMCs';
