function x = MTprofile6_36hr05_Mar_2013
%created: 6_36hr05_Mar_2013

x.BFs = [1000];

x.LongTone = [-2.12];
x.ShortTone = [0.927];

x.Gaps = [0.01      0.03      0.05      0.07      0.09];
x.TMCFreq = [1000];
x.TMC = [
12.1	 
13.5	 
19.4	 
22.7	 
39	 
];
x.TMC = x.TMC';

x.MaskerRatio = [0.5      0.7      0.9        1      1.1      1.3      1.6];
x.IFMCFreq = [1000];
x.IFMCs = [
58.7	 
42.9	 
16.9	 
11	 
12.6	 
23.2	 
60.6	 
];
x.IFMCs = x.IFMCs';
