function x = MTprofile12_56hr23_Nov_2012
%created: 12_56hr23_Nov_2012

x.BFs = [250   500  1000  2000  4000  6000];

x.LongTone = [8.92      5.72      7.78      13.5      13.1        15];
x.ShortTone = [11.7      9.42      12.8      16.8      16.1      17.8];

x.Gaps = [0.01      0.03      0.05      0.07      0.09];
x.TMCFreq = [250   500  1000  2000  4000  6000];
x.TMC = [
23.5	23.3	24.4	41.5	43.5	29.7	 
28.9	28.8	36.9	98.4	66.6	NaN	 
29.8	35.6	56.9	78.7	NaN	NaN	 
48.9	58.7	NaN	NaN	NaN	NaN	 
45.4	54.6	NaN	NaN	NaN	NaN	 
];
x.TMC = x.TMC';

x.MaskerRatio = [0.5      0.7      0.9        1      1.1      1.3      1.6];
x.IFMCFreq = [250   500  1000  2000  4000  6000];
x.IFMCs = [
31	45.6	64.2	73	78	79.5	 
29.1	32.3	46.1	63.6	72.2	73.4	 
25.2	24.4	29.1	52.4	55.6	54.5	 
22	20.6	27	38.9	40.4	32	 
23.2	22.2	28.5	48.9	55.1	46.4	 
21.3	22.6	41.6	69.1	64.2	75.9	 
24.7	39.1	81.6	NaN	NaN	NaN	 
];
x.IFMCs = x.IFMCs';
