function x = MTprofile9_39hr05_Mar_2013
%created: 9_39hr05_Mar_2013

x.BFs = [1000];

x.LongTone = [3.92];
x.ShortTone = [12.2];

x.Gaps = [0.01      0.03      0.05      0.07      0.09];
x.TMCFreq = [1000];
x.TMC = [
32.5	 
42.2	 
58.2	 
57.8	 
87.8	 
];
x.TMC = x.TMC';

x.MaskerRatio = [0.5      0.7      0.9        1      1.1      1.3      1.6];
x.IFMCFreq = [1000];
x.IFMCs = [
69.2	 
59.5	 
51	 
33.8	 
34.1	 
61.7	 
70.5	 
];
x.IFMCs = x.IFMCs';
