function x = MTprofile21_27hr13_May_2012
%created: 21_27hr13_May_2012

x.BFs = [250   500  1000  2000  4000  6000];

x.LongTone = [43.9      35.5      30.8      38.1      37.2      37.6];
x.ShortTone = [49.2      40.6      37.8      44.9      44.5        44];

x.Gaps = [0.01      0.03      0.05      0.07      0.09];
x.TMCFreq = [250   500  1000  2000  4000  6000];
x.TMC = [
63	76.4	75.7	72.4	60.6	56.6	 
70.9	NaN	91.4	73.4	74.7	62.1	 
75.4	NaN	NaN	77.4	83.7	85.7	 
79	NaN	NaN	73.9	83.6	96.6	 
85.6	NaN	NaN	81.9	86.1	87.8	 
];
x.TMC = x.TMC';

x.MaskerRatio = [0.5      0.7      0.9        1      1.1      1.3      1.6];
x.IFMCFreq = [250   500  1000  2000  4000  6000];
x.IFMCs = [
67.2	95.2	87.9	68.7	67.1	63.6	 
64.8	84.9	78	57.9	53.3	53.3	 
63	82.2	76.5	64	65	60.9	 
63	78.9	74.4	66.6	77.3	58.5	 
66.3	84.5	70.9	57.6	54.9	58.5	 
64.6	83.6	84.6	80.7	84.4	94.3	 
53.6	81.7	97.2	91.1	94.4	NaN	 
];
x.IFMCs = x.IFMCs';
