function x = MTprofile8_59hr04_Apr_2013
%created: 8_59hr04_Apr_2013

x.BFs = [250   500  1000  2000  4000  6000];

x.LongTone = [21.1      16.2      11.7      12.3      11.5      15.2];
x.ShortTone = [24.7      19.2      14.8      14.8        14      17.6];

x.Gaps = [0.01      0.03      0.05      0.07      0.09];
x.TMCFreq = [250   500  1000  2000  4000  6000];
x.TMC = [
39	35.8	32.5	33.2	21.6	32.9	 
45.8	39.2	36.6	44.1	38.7	50.1	 
60.5	50	55.6	54.6	49.1	77	 
79.6	68.2	70.9	NaN	76.9	72.3	 
95.4	NaN	NaN	NaN	NaN	NaN	 
];
x.TMC = x.TMC';

x.MaskerRatio = [0.5      0.7      0.9        1      1.1      1.3      1.6];
x.IFMCFreq = [250   500  1000  2000  4000  6000];
x.IFMCs = [
51.5	63.9	60.4	55.8	50.7	55.3	 
47.4	49.5	53.2	46	41.9	46.5	 
42.1	36.6	35.3	54.1	40.2	46.1	 
39.2	35	31.2	33.4	32.1	32.9	 
37.7	33.5	34.1	37.3	34.2	41.2	 
40.7	55.4	51.9	65	71.5	76.9	 
41.8	53.7	61.1	71	75.6	82.8	 
];
x.IFMCs = x.IFMCs';
