function x = MTprofile20_22hr06_Apr_2013
%created: 20_22hr06_Apr_2013

x.BFs = [250   500  1000  2000  4000  6000];

x.LongTone = [55.4      46.7      42.3      46.2      52.4      60.7];
x.ShortTone = [55.2      46.9      42.3      47.7      56.2      61.7];

x.Gaps = [0.01      0.03      0.05      0.07      0.09];
x.TMCFreq = [250   500  1000  2000  4000  6000];
x.TMC = [
68.6	65.4	65	71.9	55.4	63.2	 
92.5	NaN	94.4	89.4	66.5	60.8	 
88.2	NaN	60	88.9	58	69.4	 
84.8	NaN	NaN	58.9	58.7	69.7	 
102	NaN	NaN	76.9	62.1	72.7	 
];
x.TMC = x.TMC';

x.MaskerRatio = [0.5      0.7      0.9        1      1.1      1.3      1.6];
x.IFMCFreq = [250   500  1000  2000  4000  6000];
x.IFMCs = [
NaN	79.1	76.1	64.5	52.5	48.7	 
77.7	71.4	64.7	49.1	51.2	47	 
76.1	91.5	58.2	56.1	49.2	52.4	 
71.5	67.2	70.4	56.1	55.4	59.4	 
70.6	63.2	60.2	58.4	59.5	64.4	 
74	65.1	61.9	71.5	68.1	69.8	 
62.2	68.2	95.9	89.4	71.7	79	 
];
x.IFMCs = x.IFMCs';
