function x = MTprofile19_25hr21_Jul_2012
%created: 19_25hr21_Jul_2012

x.BFs = [250   500  1000  2000  4000  6000];

x.LongTone = [12.3      8.79      7.12      6.41      3.65      4.76];
x.ShortTone = [15.2      12.6      10.1      8.76      7.46      8.73];

x.Gaps = [0.01      0.03      0.05      0.07      0.09];
x.TMCFreq = [250   500  1000  2000  4000  6000];
x.TMC = [
27.2	27.9	27.9	21.5	21.7	23.3	 
31.2	51.9	38.9	34.9	58.9	28.3	 
40.5	NaN	92.9	54.5	NaN	NaN	 
85.6	NaN	NaN	NaN	NaN	NaN	 
NaN	NaN	NaN	NaN	NaN	NaN	 
];
x.TMC = x.TMC';

x.MaskerRatio = [0.5      0.7      0.9        1      1.1      1.3      1.6];
x.IFMCFreq = [250   500  1000  2000  4000  6000];
x.IFMCs = [
41.7	63.3	68	64.8	65.4	62.7	 
34.8	44	56.5	51.4	52.4	46.8	 
29.2	32.8	34	37.8	31.5	32.8	 
26.5	27	30.1	24.2	23	23.5	 
26.3	28.6	27.5	23.2	30.3	28.7	 
26.1	30.4	50.2	59.2	78.3	79.3	 
29.9	61.4	72.4	78.7	90.1	99	 
];
x.IFMCs = x.IFMCs';
