function x = MTprofile6_55hr05_Mar_2013
%created: 6_55hr05_Mar_2013

x.BFs = [1000];

x.LongTone = [4.22];
x.ShortTone = [8.2];

x.Gaps = [0.01      0.03      0.05      0.07      0.09];
x.TMCFreq = [1000];
x.TMC = [
21.3	 
25.3	 
32.3	 
60.1	 
NaN	 
];
x.TMC = x.TMC';

x.MaskerRatio = [0.5      0.7      0.9        1      1.1      1.3      1.6];
x.IFMCFreq = [1000];
x.IFMCs = [
60.8	 
48.2	 
26.2	 
22.1	 
21.6	 
32.9	 
61.4	 
];
x.IFMCs = x.IFMCs';
