function x = MTprofile9_18hr24_Oct_2012
%created: 9_18hr24_Oct_2012

x.BFs = [1000];

x.LongTone = [-3.57];
x.ShortTone = [0.149];

x.Gaps = [0.01      0.03      0.05      0.07      0.09];
x.TMCFreq = [1000];
x.TMC = [
16	 
24.1	 
54.9	 
NaN	 
NaN	 
];
x.TMC = x.TMC';

x.MaskerRatio = [0.5      0.7      0.9        1      1.1      1.3      1.6];
x.IFMCFreq = [1000];
x.IFMCs = [
61.6	 
36.7	 
21.5	 
11.6	 
11	 
25.1	 
44.5	 
];
x.IFMCs = x.IFMCs';
