function x = MTprofile17_23hr21_Nov_2012
%created: 17_23hr21_Nov_2012

x.BFs = [250   500  1000  2000  4000  6000];

x.LongTone = [22.8      19.4      22.1      30.5      32.2      32.6];
x.ShortTone = [21.4      21.6      25.9      35.5      39.5      33.8];

x.Gaps = [0.01      0.03      0.05      0.07      0.09];
x.TMCFreq = [250   500  1000  2000  4000  6000];
x.TMC = [
19.2	34.6	36	25.4	20.9	26	 
25.4	48.1	56.7	30.5	29.9	31	 
24.8	73	41.7	40.8	24.3	34.6	 
23.2	NaN	51.8	44.5	27.9	32.7	 
24.2	NaN	65.8	42.8	22.4	45.3	 
];
x.TMC = x.TMC';

x.MaskerRatio = [0.5      0.7      0.9        1      1.1      1.3      1.6];
x.IFMCFreq = [250   500  1000  2000  4000  6000];
x.IFMCs = [
29	60.9	62.8	63.4	56.3	63.4	 
24.1	43	52.5	51.5	59.7	63.1	 
20.2	33.6	33.7	25.6	31.2	30.3	 
18.5	30.9	27.8	24.7	27.5	25.7	 
17.7	32.2	32.6	20.8	32.8	27.7	 
17.5	40.8	41.6	51.4	52	46.7	 
20.5	69.4	79.2	88.1	87.2	96.5	 
];
x.IFMCs = x.IFMCs';
