function x = MTprofile7_18hr03_Nov_2012
%created: 7_18hr03_Nov_2012

x.BFs = [250   500  1000  2000  4000  6000];

x.LongTone = [45.8      41.3      42.5      48.3      49.1      51.8];
x.ShortTone = [48.3      45.8      46.5      51.5      52.3      54.2];

x.Gaps = [0.01      0.03      0.05      0.07      0.09];
x.TMCFreq = [250   500  1000  2000  4000  6000];
x.TMC = [
61.9	63.3	60.9	79.7	73.4	77.3	 
65.7	69.7	68.4	NaN	NaN	NaN	 
73.1	71.2	65.7	NaN	NaN	NaN	 
82.1	75.7	85.7	NaN	NaN	NaN	 
95.7	102	75.3	NaN	NaN	NaN	 
];
x.TMC = x.TMC';

x.MaskerRatio = [0.5      0.7      0.9        1      1.1      1.3      1.6];
x.IFMCFreq = [250   500  1000  2000  4000  6000];
x.IFMCs = [
68.9	75.5	84.8	NaN	NaN	NaN	 
67.5	70.2	70.6	93.3	94.7	95	 
63.2	62.8	61.2	NaN	76.4	75.2	 
62.4	62.5	62.6	79	74.9	72.7	 
61.1	62.9	61.7	88.6	91.3	88.6	 
62.1	63.6	71	93.7	100	102	 
63.8	70.3	76.1	NaN	NaN	NaN	 
];
x.IFMCs = x.IFMCs';
