function x = MTprofile11_53hr03_Mar_2012
%created: 11_53hr03_Mar_2012

x.BFs = [250   500  1000  2000  4000  8000];

x.LongTone = [4.15      1.15     0.612      3.02      9.99        16];
x.ShortTone = [5.97      3.99      3.93      6.86      14.6        22];

x.Gaps = [0.01      0.03      0.05      0.07      0.09];
x.TMCFreq = [250   500  1000  2000  4000  8000];
x.TMC = [
9.97	8.51	6.87	10.9	20.1	28.6	 
11.2	11.4	10.3	13.7	20.4	29.6	 
10.5	10.9	11.4	13.3	19.7	29.2	 
15.2	9.7	11.7	16	22.8	29.9	 
15.6	10.9	12.9	16.1	24.5	29.7	 
];
x.TMC = x.TMC';

x.MaskerRatio = [0.5      0.7      0.9        1      1.1      1.3      1.6];
x.IFMCFreq = [250   500  1000  2000  4000  8000];
x.IFMCs = [
14.3	23.5	32.9	52.2	54.7	57.4	 
10.5	15.1	21.3	23.2	31.9	41.2	 
10.4	9.02	11.1	13.3	21.1	30.3	 
9.64	6.55	9.69	10.5	20	27.3	 
9.4	6.59	6.99	11.8	18.6	28.1	 
8.36	9.79	12.7	20	33.8	42	 
12.9	12	25.2	43	65.8	62.2	 
];
x.IFMCs = x.IFMCs';
