function x = MTprofile8_52hr14_Mar_2012
%created: 8_52hr14_Mar_2012

x.BFs = [250   500  1000  2000  4000  8000];

x.LongTone = [-2.3     -4.61     -4.88     -2.65      4.84      8.93];
x.ShortTone = [2.58    -0.388     -1.35       3.6      10.1      16.2];

x.Gaps = [0.01      0.03      0.05      0.07      0.09];
x.TMCFreq = [250   500  1000  2000  4000  8000];
x.TMC = [
24	14.6	18.1	47.8	40	28.9	 
63.6	33	49.9	68.8	56.9	41.3	 
NaN	47	64.8	89.2	69.1	68.1	 
NaN	88.2	78	98.3	77.3	65.5	 
NaN	103	103	NaN	93.1	76.1	 
];
x.TMC = x.TMC';

x.MaskerRatio = [0.5      0.7      0.9        1      1.1      1.3      1.6];
x.IFMCFreq = [250   500  1000  2000  4000  8000];
x.IFMCs = [
20.5	28.4	50	74.1	82.3	85.3	 
19.6	17.4	27.3	64.6	72.5	75.2	 
19.7	15	17.5	56.2	32.3	39.8	 
16.1	12.4	16	47.6	37.4	32.6	 
16.3	14.4	14.8	49.7	34.6	36.7	 
18	13.5	30.4	90.4	88.3	89.3	 
22.3	28.3	77.7	NaN	NaN	NaN	 
];
x.IFMCs = x.IFMCs';
