function x = MTprofile17_2hr14_Sep_2012
%created: 17_2hr14_Sep_2012

x.BFs = [1000];

x.LongTone = [47.3];
x.ShortTone = [47.5];

x.Gaps = [0.01      0.03      0.05      0.07      0.09];
x.TMCFreq = [1000];
x.TMC = [
39.6	 
44.5	 
55.3	 
53.7	 
47.8	 
];
x.TMC = x.TMC';

x.MaskerRatio = [0.5      0.7      0.9        1      1.1      1.3      1.6];
x.IFMCFreq = [1000];
x.IFMCs = [
59.7	 
48.3	 
43.5	 
42.2	 
45.1	 
48.8	 
60.3	 
];
x.IFMCs = x.IFMCs';
