function x = MTprofile12_0hr27_Nov_2012
%created: 12_0hr27_Nov_2012

x.BFs = [250   500  1000  2000  4000  6000];

x.LongTone = [20.4      16.7      16.2      18.5      20.1      22.7];
x.ShortTone = [23      19.5      19.3      23.2      38.8      50.9];

x.Gaps = [0.01      0.03      0.05      0.07      0.09];
x.TMCFreq = [250   500  1000  2000  4000  6000];
x.TMC = [
34.6	31.4	35.6	45.7	3.96	-23.1	 
38.2	40.3	79.5	NaN	NaN	NaN	 
45.7	81.5	NaN	NaN	NaN	NaN	 
98.6	NaN	NaN	NaN	8.32	NaN	 
NaN	NaN	NaN	NaN	6.71	NaN	 
];
x.TMC = x.TMC';

x.MaskerRatio = [0.5      0.7      0.9        1      1.1      1.3      1.6];
x.IFMCFreq = [250   500  1000  2000  4000  6000];
x.IFMCs = [
44	52.9	71.9	75.5	41.5	42.1	 
40.9	42.4	47.8	59.3	45.1	-16.1	 
35.7	33.2	37.9	45.2	NaN	18.5	 
34.2	30.7	40.7	84.2	12.3	9.54	 
34.1	32	34.5	71.9	NaN	-19.8	 
34.2	33.6	61.7	62.4	-13.1	12.3	 
36.8	42.9	102	NaN	35.9	34.4	 
];
x.IFMCs = x.IFMCs';
