function x = MTprofile15_14hr29_Nov_2012
%created: 15_14hr29_Nov_2012

x.BFs = [250   500  1000  2000  4000  6000];

x.LongTone = [14.9      9.52      12.5      13.2        13        16];
x.ShortTone = [16.4      10.9      13.9      15.3      14.9      16.3];

x.Gaps = [0.01      0.03      0.05      0.07      0.09];
x.TMCFreq = [250   500  1000  2000  4000  6000];
x.TMC = [
24.6	23	32.2	40.4	28.3	38.7	 
30.4	23.8	67.9	NaN	67.6	70.5	 
28	28.1	NaN	NaN	NaN	72.2	 
32.9	43.6	NaN	NaN	NaN	NaN	 
31.9	84.3	NaN	NaN	NaN	69	 
];
x.TMC = x.TMC';

x.MaskerRatio = [0.5      0.7      0.9        1      1.1      1.3      1.6];
x.IFMCFreq = [250   500  1000  2000  4000  6000];
x.IFMCs = [
31.7	41.4	68	72.9	74.7	65.3	 
25.8	30.1	42.9	56.6	70.1	50.6	 
22.5	22.5	29.9	39.4	40.9	24	 
24.5	20.9	27.9	40.7	27.2	26.7	 
24.6	23.5	32.6	46.1	29.1	30.2	 
26.9	31.2	48.2	82.8	53.8	49.5	 
35	46.9	89.9	NaN	NaN	NaN	 
];
x.IFMCs = x.IFMCs';
