function x = MTprofile21_27hr03_Nov_2012
%created: 21_27hr03_Nov_2012

x.BFs = [250   500  1000  2000  4000  6000];

x.LongTone = [56.3      53.7      55.6        59      60.9        64];
x.ShortTone = [55.3      54.7      56.8      59.2      62.2      64.3];

x.Gaps = [0.01      0.03      0.05      0.07      0.09];
x.TMCFreq = [250   500  1000  2000  4000  6000];
x.TMC = [
46.4	52	53	53.1	52.9	52.7	 
45.2	53.4	56.7	55.8	55.3	56.2	 
50.3	60	57.3	57	54.6	57.7	 
47.8	56.6	60.2	57.7	56.8	58.9	 
47	58	61.3	59.2	54.3	56.5	 
];
x.TMC = x.TMC';

x.MaskerRatio = [0.5      0.7      0.9        1      1.1      1.3      1.6];
x.IFMCFreq = [250   500  1000  2000  4000  6000];
x.IFMCs = [
52.5	65.3	74.6	78.3	87.7	89.9	 
47.9	57.5	62	67.8	75.2	77.1	 
46.1	53.5	57.1	56.7	57.4	60.4	 
46.6	52.3	53.5	53.8	51.6	55.6	 
46.8	51.3	55.4	55.4	56	58.7	 
45.7	52.2	59.7	65.6	69.7	80	 
45.7	60.4	70.4	76.6	87.1	99.7	 
];
x.IFMCs = x.IFMCs';
