function x = MTprofile15_55hr21_Oct_2012
%created: 15_55hr21_Oct_2012

x.BFs = [250   500  1000  2000  4000  6000];

x.LongTone = [14.2      10.4      9.61      9.22      7.03      8.38];
x.ShortTone = [14.6      10.4      10.1      8.92      6.65      7.99];

x.Gaps = [0.01      0.03      0.05      0.07      0.09];
x.TMCFreq = [250   500  1000  2000  4000  6000];
x.TMC = [
NaN	8.47	3.99	2.92	-4.22	1.63	 
NaN	10.8	4.76	1.98	-1.38	1.85	 
NaN	15.5	5.99	2.3	-3.56	1.36	 
NaN	12.9	7.68	4.21	-0.206	5.53	 
NaN	9.93	6.84	2.8	-1.1	5.95	 
];
x.TMC = x.TMC';

x.MaskerRatio = [0.5      0.7      0.9        1      1.1      1.3      1.6];
x.IFMCFreq = [250   500  1000  2000  4000  6000];
x.IFMCs = [
NaN	36.1	53.5	59.6	55.1	52.6	 
NaN	22	29.2	40.9	36.7	33.9	 
NaN	10	9.29	8.19	4.95	9.45	 
NaN	8.64	5.71	1.42	-1.64	-0.91	 
NaN	8.1	4.89	4.11	-0.211	7.53	 
NaN	10.5	15.2	21.3	26.3	34.6	 
NaN	22.7	33.9	44.3	55.3	67.3	 
];
x.IFMCs = x.IFMCs';
