function x = MTprofile10_22hr03_Mar_2013
%created: 10_22hr03_Mar_2013

x.BFs = [1000];

x.LongTone = [16.1];
x.ShortTone = [19.2];

x.Gaps = [0.01      0.03      0.05      0.07      0.09];
x.TMCFreq = [1000];
x.TMC = [
9.92	 
10.2	 
6.67	 
19.5	 
13.4	 
];
x.TMC = x.TMC';

x.MaskerRatio = [0.5      0.7      0.9        1      1.1      1.3      1.6];
x.IFMCFreq = [1000];
x.IFMCs = [
58.2	 
44.9	 
8.98	 
8.38	 
7.6	 
17.7	 
61.2	 
];
x.IFMCs = x.IFMCs';
