function x = MTprofile16_18hr06_Feb_2012
%created: 16_18hr06_Feb_2012

x.BFs = [250   500  1000  2000  4000  8000];

x.LongTone = [2.28    0.0588    -0.547      2.46      7.89        14];
x.ShortTone = [5.12      3.64       2.4      9.13      12.7      18.5];

x.Gaps = [0.01      0.03      0.05      0.07      0.09];
x.TMCFreq = [250   500  1000  2000  4000  8000];
x.TMC = [
13.4	15	12	17.6	17	30.3	 
18.7	18.9	13.4	28.2	21	38.9	 
16.4	28	25.2	23	21	39.9	 
27.4	26.4	14.9	36.1	26	45.7	 
46.5	51.7	27.2	21.6	41.4	60.5	 
];
x.TMC = x.TMC';

x.MaskerRatio = [0.5      0.7      0.9        1      1.1      1.3      1.6];
x.IFMCFreq = [250   500  1000  2000  4000  8000];
x.IFMCs = [
17.9	39	48.4	60.2	63.3	71.5	 
16.9	24.3	30.4	44.1	61.2	66.6	 
15.9	18.1	12.9	21	29.3	40.6	 
15.4	13.9	14.8	18.8	19	31.3	 
14.9	16.3	7.87	19.9	20.1	29.7	 
17.3	19.8	17.8	30.1	37.3	55.1	 
18.5	31	42.2	82.6	87.5	90.6	 
];
x.IFMCs = x.IFMCs';
