function x = MTprofile10_27hr09_May_2012
%created: 10_27hr09_May_2012

x.BFs = [250   500  1000  2000  4000  6000];

x.LongTone = [12      7.89      7.77      8.35      5.24       8.2];
x.ShortTone = [16.5      12.5      11.6      12.6      13.7      13.5];

x.Gaps = [0.01      0.03      0.05      0.07      0.09];
x.TMCFreq = [250   500  1000  2000  4000  6000];
x.TMC = [
29.6	25.1	35.9	40.7	39.3	28.6	 
37.2	35.8	52.6	47.4	47.6	30.7	 
69.2	52.6	61.7	49	54.4	35.8	 
89.8	70.2	69	73.3	86.2	41.9	 
NaN	NaN	77.2	70.9	88.1	51.2	 
];
x.TMC = x.TMC';

x.MaskerRatio = [0.5      0.7      0.9        1      1.1      1.3      1.6];
x.IFMCFreq = [250   500  1000  2000  4000  6000];
x.IFMCs = [
41.9	64.6	67.3	60.5	70.8	71.1	 
35.2	41.5	56.7	52	56.8	53	 
30	28.6	38.4	64	50.7	35.8	 
29.6	26.4	40.3	32.2	44.9	26.3	 
27.3	25.3	43.7	40	45.6	52.4	 
28.5	51.5	67.9	66.2	88.4	91.8	 
32.7	63.2	79.7	82.7	92.6	NaN	 
];
x.IFMCs = x.IFMCs';
