function x = MTprofile11_47hr29_Oct_2012
%created: 11_47hr29_Oct_2012

x.BFs = [1000];

x.LongTone = [66.4];
x.ShortTone = [67];

x.Gaps = [0.01      0.03      0.05      0.07      0.09];
x.TMCFreq = [1000];
x.TMC = [
61.7	 
61.6	 
62.5	 
65.4	 
72.5	 
];
x.TMC = x.TMC';

x.MaskerRatio = [0.5      0.7      0.9        1      1.1      1.3      1.6];
x.IFMCFreq = [1000];
x.IFMCs = [
77.6	 
65.7	 
59.5	 
62.6	 
63	 
69.1	 
80.3	 
];
x.IFMCs = x.IFMCs';
