function x = MTprofileOHC4_9_36hr20_May_2013
%created: 10_5hr20_May_2013

x.BFs = [250   500  1000  2000  4000  6000];

x.LongTone = [20.6      17.2      14.7      15.8      11.2      14.2];
x.ShortTone = [24.5      19.9      17.8      18.9      15.6      17.9];

x.Gaps = [0.01      0.03      0.05      0.07      0.09];
x.TMCFreq = [250   500  1000  2000  4000  6000];
x.TMC = [
36.3	35.3	34	35.1	31.5	34.1	 
45.3	39.4	39.5	41.9	36.5	40.9	 
47	46.7	57.3	46.9	38.6	41.7	 
65.3	61.4	61.9	77.6	42.7	65.3	 
89.6	NaN	88	NaN	57.8	NaN	 
];
x.TMC = x.TMC';

x.MaskerRatio = [0.5      0.7      0.9        1      1.1      1.3      1.6];
x.IFMCFreq = [250   500  1000  2000  4000  6000];
x.IFMCs = [
50.3	59.9	62.5	60.4	57.2	59.4	 
43.4	47.1	56.5	53.5	46	47.9	 
39.6	38.5	40.3	61.3	40.6	41.8	 
38.8	34.3	35.4	34.8	31.2	32.6	 
36.9	36.1	36	37.9	34.7	39	 
38.4	41.6	56.5	66.7	70.7	79.3	 
41.8	58.2	67.5	71	76	81.3	 
];
x.IFMCs = x.IFMCs';
