function x = MTprofile20_13hr04_Apr_2013
%created: 20_13hr04_Apr_2013

x.BFs = [250   500  1000  2000  4000  6000];

x.LongTone = [21.1      16.2      13.2      11.8      10.5      13.7];
x.ShortTone = [24      19.2      16.3      15.1        14      17.1];

x.Gaps = [0.01      0.03      0.05      0.07      0.09];
x.TMCFreq = [250   500  1000  2000  4000  6000];
x.TMC = [
35.4	31.3	33.3	27.6	26	27.3	 
39.4	35.6	35.2	33.3	29.2	33.3	 
43.5	40.3	41.3	36.8	40.2	39.2	 
45.3	46.1	51.8	46.7	59.4	47.4	 
59.6	63.3	74.7	50.2	70.1	62.1	 
];
x.TMC = x.TMC';

x.MaskerRatio = [0.5      0.7      0.9        1      1.1      1.3      1.6];
x.IFMCFreq = [250   500  1000  2000  4000  6000];
x.IFMCs = [
47.6	59.8	59.4	50.2	47.2	45.9	 
39.9	45.4	51.7	43.2	36.9	40.5	 
37.2	34	34	52	37.6	38.5	 
35.7	30.5	31.4	29.9	27.3	30.4	 
33.3	31.7	30	27.5	31.7	37.6	 
34.5	39.6	53.3	56.6	65	72.5	 
39.6	51.4	59.1	63.9	70.6	76.9	 
];
x.IFMCs = x.IFMCs';
