function x = MTprofile17_35hr10_May_2012
%created: 17_35hr10_May_2012

x.BFs = [250   500  1000  2000  4000  6000];

x.LongTone = [8.82      6.11      5.09      5.38      3.78      4.36];
x.ShortTone = [15.2      12.3      11.2      11.6      9.88      13.8];

x.Gaps = [0.01      0.03      0.05      0.07      0.09];
x.TMCFreq = [250   500  1000  2000  4000  6000];
x.TMC = [
26.1	25.7	26.3	28.6	29.6	46.2	 
29.8	38.1	47.3	51.8	33.1	51.4	 
33.8	66	66.4	71.1	49.5	55.7	 
72.2	87.9	71.4	79.9	59.8	68.2	 
86.2	NaN	86.7	77.1	63.5	86.4	 
];
x.TMC = x.TMC';

x.MaskerRatio = [0.5      0.7      0.9        1      1.1      1.3      1.6];
x.IFMCFreq = [250   500  1000  2000  4000  6000];
x.IFMCs = [
40	63.6	68.7	66.4	73	70.5	 
33.9	41.6	57.9	56.2	52	57.7	 
28.4	28.2	34.3	61.7	50.3	53.6	 
27	24.7	31.1	50.2	33.3	36.9	 
24.5	26.2	36.3	33.5	25.3	48.1	 
26.9	37.3	66.3	72.1	86.2	98.5	 
29.7	64.4	77.1	89.2	92.1	NaN	 
];
x.IFMCs = x.IFMCs';
