function x = MTprofile18_44hr19_Apr_2012
%created: 18_44hr19_Apr_2012

x.BFs = [250   500  1000  2000  4000  6000];

x.LongTone = [58.3      48.8      45.6      54.5      69.9      75.3];
x.ShortTone = [60      50.9      48.9      60.3      76.9      80.7];

x.Gaps = [0.01      0.03      0.05      0.07      0.09];
x.TMCFreq = [250   500  1000  2000  4000  6000];
x.TMC = [
83.7	71.7	67.3	72.5	93.7	95.1	 
93.1	82	73.5	75.3	101	96.9	 
NaN	88.6	71.5	77.1	99.1	101	 
NaN	94.5	74.3	74.8	NaN	NaN	 
NaN	NaN	74.6	76.6	NaN	NaN	 
];
x.TMC = x.TMC';

x.MaskerRatio = [0.5      0.7      0.9        1      1.1      1.3      1.6];
x.IFMCFreq = [250   500  1000  2000  4000  6000];
x.IFMCs = [
92.7	87.9	77.4	70.7	89.2	84.9	 
89.9	80.2	71.9	61.9	75.7	72.2	 
83.9	76.9	64.7	68.2	84.8	86.9	 
83.2	72.4	66.3	74.1	91.8	94.1	 
81	71.5	68.6	78.8	96.5	101	 
79.5	72.9	78.3	87.1	106	NaN	 
75.8	75.8	87.1	96.5	NaN	NaN	 
];
x.IFMCs = x.IFMCs';
