function x = MTprofile17_31hr03_May_2012
%created: 17_31hr03_May_2012

x.BFs = [250   500  1000  2000  4000  6000];

x.LongTone = [39.5        33      30.6      35.3      32.9      36.2];
x.ShortTone = [43.2      36.3      34.8      41.4      40.3      42.6];

x.Gaps = [0.01      0.03      0.05      0.07      0.09];
x.TMCFreq = [250   500  1000  2000  4000  6000];
x.TMC = [
52	50.5	64.5	59.7	71.9	71	 
54.9	62	68.4	67.7	64	68.5	 
56.8	70.2	77.2	65.9	83.5	87.3	 
59	71.9	77.7	68.6	84.1	91.4	 
66.4	94.8	NaN	72.3	80.9	94.4	 
];
x.TMC = x.TMC';

x.MaskerRatio = [0.5      0.7      0.9        1      1.1      1.3      1.6];
x.IFMCFreq = [250   500  1000  2000  4000  6000];
x.IFMCs = [
60.7	70.3	73.2	63.4	70	66.9	 
55.8	59.1	65.5	56.4	49.1	53.2	 
51.8	52.5	60.6	62.7	61.3	62.9	 
52.9	48.2	60.3	59.2	58.4	62	 
54.7	55.4	63	57.3	57	65.4	 
63.5	63.1	77.8	75.8	82.7	97.2	 
50.2	60.4	87.2	83.7	95.5	NaN	 
];
x.IFMCs = x.IFMCs';
