function x = MTprofile11_35hr03_Apr_2013
%created: 11_35hr03_Apr_2013

x.BFs = [250   500  1000  2000  4000  6000];

x.LongTone = [22.7      17.9      13.2      11.3      12.8      16.3];
x.ShortTone = [26.5      20.7      17.3      17.9      16.1      20.3];

x.Gaps = [0.01      0.03      0.05      0.07      0.09];
x.TMCFreq = [250   500  1000  2000  4000  6000];
x.TMC = [
38.1	33.5	31.6	33.4	28.8	30.5	 
44.3	36.1	34.6	42	30.2	48.5	 
50.7	37.3	39.9	50.1	31.4	44.6	 
55.2	42.9	41.8	53.2	51.7	54.5	 
61.4	48.2	48.9	56.1	56.8	68.8	 
];
x.TMC = x.TMC';

x.MaskerRatio = [0.5      0.7      0.9        1      1.1      1.3      1.6];
x.IFMCFreq = [250   500  1000  2000  4000  6000];
x.IFMCs = [
51.3	58.5	55.3	49.3	45.7	44.6	 
45.5	46.5	47.8	43.8	38.5	40.7	 
37.5	34.5	36.2	48.8	42.7	48.7	 
36.6	33.2	28.2	34.5	28.8	32.3	 
36.9	31	31	34.7	33.3	39.7	 
44.2	50.2	50.8	54.7	60.9	68.1	 
46.1	47.2	55.3	63.8	68.2	73.7	 
];
x.IFMCs = x.IFMCs';
