function x = MTprofile6_57hr11_May_2013
%created: 6_57hr11_May_2013

x.BFs = [4000];

x.LongTone = [55.5];
x.ShortTone = [56.6];

x.Gaps = [0.01      0.03      0.05      0.07      0.09];
x.TMCFreq = [4000];
x.TMC = [
57.3	 
61.1	 
59.6	 
64.8	 
67.6	 
];
x.TMC = x.TMC';

x.MaskerRatio = [0.5      0.7      0.9        1      1.1      1.3      1.6];
x.IFMCFreq = [4000];
x.IFMCs = [
57.9	 
50.3	 
54	 
55.3	 
59.1	 
69.5	 
75.7	 
];
x.IFMCs = x.IFMCs';
