function x = MTprofile7_53hr06_Apr_2013
%created: 7_53hr06_Apr_2013

x.BFs = [2000];

x.LongTone = [10.9];
x.ShortTone = [14.1];

x.Gaps = [0.01      0.03      0.05      0.07      0.09];
x.TMCFreq = [2000];
x.TMC = [
32.1	 
37.3	 
49.6	 
63.7	 
97.6	 
];
x.TMC = x.TMC';

x.MaskerRatio = [0.5      0.7      0.9        1      1.1      1.3      1.6];
x.IFMCFreq = [2000];
x.IFMCs = [
53.6	 
44.5	 
54.6	 
29.1	 
30.9	 
61.1	 
68.4	 
];
x.IFMCs = x.IFMCs';
