function x = MTprofile15_34hr03_May_2012
%created: 15_34hr03_May_2012

x.BFs = [250   500  1000  2000  4000  6000];

x.LongTone = [19.1      14.1      13.8      14.3      12.5      14.3];
x.ShortTone = [23        18      17.4      20.4      18.2      20.5];

x.Gaps = [0.01      0.03      0.05      0.07      0.09];
x.TMCFreq = [250   500  1000  2000  4000  6000];
x.TMC = [
34.3	27	28.3	39.5	35.2	34.1	 
35	30.4	38.6	50.1	48.7	36.2	 
47.2	34	43.9	70.9	54.1	35.8	 
50.6	42.6	62.1	75.2	61.6	39.2	 
76	62.9	74.3	75.7	61.9	52.2	 
];
x.TMC = x.TMC';

x.MaskerRatio = [0.5      0.7      0.9        1      1.1      1.3      1.6];
x.IFMCFreq = [250   500  1000  2000  4000  6000];
x.IFMCs = [
45.5	57.9	65.6	64.9	64.4	67.3	 
39.4	42.1	55.2	55.4	49.5	47.3	 
34.1	31.1	34.1	64.3	39.9	42.9	 
33	29	29.6	28	30.3	30.6	 
33.3	28	29.6	52.3	40.1	51.8	 
33.1	34.6	62.6	74.5	78.5	91.2	 
36.8	59	74.5	86	90.2	NaN	 
];
x.IFMCs = x.IFMCs';
