function x = MTprofile22_17hr21_Oct_2012
%created: 22_17hr21_Oct_2012

x.BFs = [250   500  1000  2000  4000  6000];

x.LongTone = [NaN      52.2      48.2      56.1        62      67.2];
x.ShortTone = [NaN      52.2      48.9      55.5      61.4      67.5];

x.Gaps = [0.01      0.03      0.05      0.07      0.09];
x.TMCFreq = [250   500  1000  2000  4000  6000];
x.TMC = [
NaN	45.4	40.5	47.8	50.6	58.9	 
NaN	46.9	42.5	47.5	52.4	62.9	 
NaN	47.4	43.6	48.7	51.1	61.6	 
NaN	49.7	44.2	48.8	53.6	63.7	 
NaN	48.1	44.8	48.5	54.4	63.2	 
];
x.TMC = x.TMC';

x.MaskerRatio = [0.5      0.7      0.9        1      1.1      1.3      1.6];
x.IFMCFreq = [250   500  1000  2000  4000  6000];
x.IFMCs = [
NaN	63.2	58.6	55.8	50.2	52.8	 
NaN	56	46.7	41.4	35.8	37.8	 
NaN	49.4	42.4	43.2	46.9	53.1	 
NaN	45.8	41.8	46.9	53.7	59.6	 
NaN	43.9	44.8	52.3	57.1	66.1	 
NaN	42.3	49.1	57.3	66.3	74.5	 
NaN	46.8	59.4	65.8	74	85.3	 
];
x.IFMCs = x.IFMCs';
