function x = MTprofile12_2hr06_Apr_2013
%created: 12_2hr06_Apr_2013

x.BFs = [250   500  1000  2000  4000  6000];

x.LongTone = [52.7      42.5      37.8        40      46.8      51.7];
x.ShortTone = [53      44.2      39.8      42.9        49      54.8];

x.Gaps = [0.01      0.03      0.05      0.07      0.09];
x.TMCFreq = [250   500  1000  2000  4000  6000];
x.TMC = [
71	61.9	61.8	52.9	59	69.3	 
74.2	NaN	70	99.7	59.3	75.5	 
NaN	NaN	67.8	61.3	64.8	77.6	 
NaN	NaN	NaN	62.3	86.1	87	 
NaN	NaN	89.9	87.1	80.7	81.1	 
];
x.TMC = x.TMC';

x.MaskerRatio = [0.5      0.7      0.9        1      1.1      1.3      1.6];
x.IFMCFreq = [250   500  1000  2000  4000  6000];
x.IFMCs = [
81.5	75.5	69.8	57.1	52.9	55.6	 
83	74	63.2	48.9	48.8	47.3	 
69.5	67.9	56.7	54.2	53.1	57.1	 
74.6	68.1	55	56.5	59.4	62.8	 
67.1	60	54.4	58.2	61.4	69.8	 
61.7	62.8	60.5	68.1	70.5	75.6	 
59.7	63.3	77.4	73.5	79.5	81.3	 
];
x.IFMCs = x.IFMCs';
