function x = MTprofile23_31hr02_Apr_2013
%created: 23_31hr02_Apr_2013

x.BFs = [250   500  1000  2000  4000  6000];

x.LongTone = [18.1      14.5      11.3      9.05      9.06      11.6];
x.ShortTone = [24.5      19.4        16      14.3      13.6      17.7];

x.Gaps = [0.01      0.03      0.05      0.07      0.09];
x.TMCFreq = [250   500  1000  2000  4000  6000];
x.TMC = [
38.2	33.3	28.8	29.4	26.2	35.2	 
39.4	37.2	35.6	27.2	30.4	41.4	 
41.6	38.5	36.3	33.7	38.3	42.7	 
47.3	41.6	37.7	38.4	38.9	53.7	 
49.6	47.6	41.5	42.5	46.1	65	 
];
x.TMC = x.TMC';

x.MaskerRatio = [0.5      0.7      0.9        1      1.1      1.3      1.6];
x.IFMCFreq = [250   500  1000  2000  4000  6000];
x.IFMCs = [
50.1	61.1	65.4	55.6	53.7	54.3	 
43.1	45.2	58.9	48.6	48.3	51.2	 
39.5	34.9	35	35.5	38.6	43.1	 
38.6	31.9	31.5	28.4	28.9	32.9	 
35.9	32.2	30	29.1	36	38.5	 
37.1	36.9	44.4	52.2	63.6	83.2	 
40.9	51.8	64.9	71.8	75.8	83.4	 
];
x.IFMCs = x.IFMCs';
