function x = MTprofile17_37hr02_Nov_2012
%created: 17_37hr02_Nov_2012

x.BFs = [250   500  1000  2000  4000  6000];

x.LongTone = [14      10.5        10      15.7      16.7      19.6];
x.ShortTone = [16.2      13.3        12      19.5      22.1      21.8];

x.Gaps = [0.01      0.03      0.05      0.07      0.09];
x.TMCFreq = [250   500  1000  2000  4000  6000];
x.TMC = [
26.9	25	19.7	31	32.4	34.4	 
29.4	27.3	24.7	45.8	36.7	43.2	 
32.3	32.1	24.1	37.6	43.1	55.6	 
35.9	34.5	26.1	46.2	44.3	59.2	 
36.6	49.3	40.8	52.5	75	56.2	 
];
x.TMC = x.TMC';

x.MaskerRatio = [0.5      0.7      0.9        1      1.1      1.3      1.6];
x.IFMCFreq = [250   500  1000  2000  4000  6000];
x.IFMCs = [
34.6	44.3	50.7	62.6	67.4	68.5	 
31.1	33.3	32.8	55.2	59	62	 
27.3	26.1	24.5	38.5	45.4	39.3	 
25.9	22.5	22.2	32	36.2	32.3	 
25.7	23.6	22.7	31	30	37.1	 
25.9	25.3	32.3	50.1	55.1	57.3	 
27.4	63.5	70.6	86.7	98.1	102	 
];
x.IFMCs = x.IFMCs';
