function x = MTprofile9_48hr26_Oct_2012
%created: 9_48hr26_Oct_2012

x.BFs = [4000];

x.LongTone = [57];
x.ShortTone = [68];

x.Gaps = [0.01      0.03      0.05      0.07      0.09];
x.TMCFreq = [4000];
x.TMC = [
9.99	 
40	 
23.8	 
31.8	 
40.4	 
];
x.TMC = x.TMC';

x.MaskerRatio = [0.5      0.7      0.9        1      1.1      1.3      1.6];
x.IFMCFreq = [4000];
x.IFMCs = [
71.2	 
58.1	 
31.3	 
48.7	 
15.5	 
30.5	 
32.9	 
];
x.IFMCs = x.IFMCs';
