function x = MTprofile9_49hr08_Apr_2012
%created: 9_49hr08_Apr_2012

x.BFs = [250   500  1000  2000  4000  6000];

x.LongTone = [11.3      6.72      4.74      5.13      4.81      7.71];
x.ShortTone = [14.3      10.9      8.35      9.64      11.2      15.8];

x.Gaps = [0.01      0.03      0.05      0.07      0.09];
x.TMCFreq = [250   500  1000  2000  4000  6000];
x.TMC = [
29.4	27.3	21.4	42.4	42.8	43.5	 
36	32.1	32.9	65.5	62.5	60.2	 
55.1	54	62.8	84.1	95.8	101	 
86.6	73.2	74.5	87.9	99.3	NaN	 
102	89	88.8	NaN	NaN	NaN	 
];
x.TMC = x.TMC';

x.MaskerRatio = [0.5      0.7      0.9        1      1.1      1.3      1.6];
x.IFMCFreq = [250   500  1000  2000  4000  6000];
x.IFMCs = [
41.8	53.8	70.1	69.8	75.2	76.9	 
37	40.7	53.4	59.9	62	63.7	 
32.1	29.3	26.2	70.2	64	62.1	 
30.2	26.4	22.3	39	42.3	41.3	 
29.6	25.4	23.1	49.6	52.8	57	 
29.2	29.2	45.7	85	96.5	104	 
33.7	46.5	78.7	94.9	NaN	NaN	 
];
x.IFMCs = x.IFMCs';
