function x = MTprofile11_33hr03_Mar_2012
%created: 11_33hr03_Mar_2012

x.BFs = [250   500  1000  2000  4000  8000];

x.LongTone = [3.55      1.14     0.528      3.56      10.7      15.6];
x.ShortTone = [6.17      3.87      3.33      7.22      16.2      21.1];

x.Gaps = [0.01      0.03      0.05      0.07      0.09];
x.TMCFreq = [250   500  1000  2000  4000  8000];
x.TMC = [
6.05	3.16	2.26	3.74	11.3	21.4	 
7.8	3.77	4.05	5.11	12.9	19.5	 
7.35	4.37	3.1	4.96	19.8	22.8	 
7.21	5.19	4.32	7.12	18.5	26.5	 
8.07	5.54	6.78	13.2	19.6	24.1	 
];
x.TMC = x.TMC';

x.MaskerRatio = [0.5      0.7      0.9        1      1.1      1.3      1.6];
x.IFMCFreq = [250   500  1000  2000  4000  8000];
x.IFMCs = [
9.79	20.5	38.9	49.9	51.9	55.9	 
7.49	12	18.5	35.8	57.1	49.8	 
6.12	5.93	6.72	8.19	17	24.6	 
6.1	3.83	2.66	-2.65	15.1	21.1	 
5.41	2.13	3.18	5.96	13.6	24.1	 
5.33	3.76	6.61	14.9	33	40.2	 
7.76	11.4	41.1	67.8	75.4	75.2	 
];
x.IFMCs = x.IFMCs';
