function x = MTprofile17_35hr29_Oct_2012
%created: 17_35hr29_Oct_2012

x.BFs = [4000];

x.LongTone = [60.8];
x.ShortTone = [63.9];

x.Gaps = [0.01      0.03      0.05      0.07      0.09];
x.TMCFreq = [4000];
x.TMC = [
68.2	 
66.7	 
71.4	 
92.7	 
74.9	 
];
x.TMC = x.TMC';

x.MaskerRatio = [0.5      0.7      0.9        1      1.1      1.3      1.6];
x.IFMCFreq = [4000];
x.IFMCs = [
96.5	 
86.7	 
70.8	 
66.2	 
70.4	 
83.5	 
98.3	 
];
x.IFMCs = x.IFMCs';
