function x = MTprofile13_36hr17_Apr_2013
%created: 13_36hr17_Apr_2013

x.BFs = [250   500  1000  2000  4000  6000];

x.LongTone = [19.2        14      10.6      5.57      4.05      6.25];
x.ShortTone = [20.7      16.9        12      10.6      6.76      7.97];

x.Gaps = [0.01      0.03      0.05      0.07      0.09];
x.TMCFreq = [250   500  1000  2000  4000  6000];
x.TMC = [
31.2	29.1	23.3	23.4	18.3	19.1	 
33.2	31.3	26.8	26.1	23.4	23.4	 
38.9	34.2	28.1	29.3	26.4	27.1	 
38.4	48.4	42.1	49.3	28.7	32.8	 
55.1	74.5	55.3	NaN	63.2	47.1	 
];
x.TMC = x.TMC';

x.MaskerRatio = [0.5      0.7      0.9        1      1.1      1.3      1.6];
x.IFMCFreq = [250   500  1000  2000  4000  6000];
x.IFMCs = [
43.7	55.9	55.5	49.8	43.5	39.8	 
37.7	41.9	47	40.3	33.9	32.2	 
32.1	31.4	29.2	46.4	28.6	28.5	 
31	28	23.7	22.6	19.7	19.1	 
30.2	27.5	25	23.6	22.6	25.4	 
31.1	49.7	46.4	53.6	57.9	64.3	 
36.8	47.9	51.5	57.9	63.5	70.5	 
];
x.IFMCs = x.IFMCs';
