function x = MTprofile16_29hr21_Oct_2012
%created: 16_29hr21_Oct_2012

x.BFs = [250   500  1000  2000  4000  6000];

x.LongTone = [12.7      9.41       7.8      6.61      4.66      6.02];
x.ShortTone = [12.6      9.18      8.61      7.81      4.62      5.81];

x.Gaps = [0.01      0.03      0.05      0.07      0.09];
x.TMCFreq = [250   500  1000  2000  4000  6000];
x.TMC = [
NaN	15.4	12.5	7.66	3.36	6.19	 
NaN	31	15.8	11.8	4.19	11.1	 
NaN	61.5	15	12.4	5.79	14.3	 
NaN	NaN	36.3	14.2	6.14	17.8	 
NaN	NaN	45.1	30.7	14.4	41.3	 
];
x.TMC = x.TMC';

x.MaskerRatio = [0.5      0.7      0.9        1      1.1      1.3      1.6];
x.IFMCFreq = [250   500  1000  2000  4000  6000];
x.IFMCs = [
NaN	41.3	59.2	64.7	60.4	57.9	 
NaN	28.6	33.1	52.7	39	39.7	 
NaN	16.9	14.4	12.1	12.1	15.3	 
NaN	15.7	10.8	7.1	2.75	6.39	 
NaN	14.6	10.2	9.19	7.25	14.8	 
NaN	15.6	19.9	26.4	30.5	41.5	 
NaN	29	46.1	80.7	90.9	99.7	 
];
x.IFMCs = x.IFMCs';
