function x = MTprofile19_42hr05_Mar_2013
%created: 19_42hr05_Mar_2013

x.BFs = [250   500  1000  2000  4000  6000];

x.LongTone = [32.8      28.5      26.9      28.4      26.4      27.1];
x.ShortTone = [39.3      33.1      31.9      35.3      34.7      31.6];

x.Gaps = [0.01      0.03      0.05      0.07      0.09];
x.TMCFreq = [250   500  1000  2000  4000  6000];
x.TMC = [
48	44	49.3	48.2	41.1	42.6	 
50.4	51.6	58.8	50.9	43	45.5	 
51.5	51.3	62.1	50.8	49.5	54.8	 
53.1	57.7	65	60.2	55.6	55.6	 
62.9	58.2	64.9	66.1	64.6	82.2	 
];
x.TMC = x.TMC';

x.MaskerRatio = [0.5      0.7      0.9        1      1.1      1.3      1.6];
x.IFMCFreq = [250   500  1000  2000  4000  6000];
x.IFMCs = [
66.3	75	78.1	69	66.9	67.7	 
55.9	61.7	64.8	56	50.8	54.6	 
46.9	50.2	55.2	61.8	58	60.5	 
44.9	42.8	52.2	44.9	49.1	39.7	 
47.4	48.3	48.5	43.3	51	56.3	 
71.7	61.8	68.1	75.3	88.7	97.3	 
58.2	62	79.2	83.9	96.5	NaN	 
];
x.IFMCs = x.IFMCs';
