function x = MTprofile13_43hr12_Jul_2012
%created: 13_43hr12_Jul_2012

x.BFs = [250   500  1000  2000  4000  6000];

x.LongTone = [1.17     -3.37     -3.39   0.00623    -0.593      1.13];
x.ShortTone = [2.11     -1.08    -0.577      3.79      3.53      5.32];

x.Gaps = [0.01      0.03      0.05      0.07      0.09];
x.TMCFreq = [250   500  1000  2000  4000  6000];
x.TMC = [
15.7	20.5	17.3	16	14.2	17.3	 
23.5	47.9	24.2	17.5	17.1	21.3	 
33.3	54.7	40.9	19.6	18.6	19.6	 
52.2	71.6	35.1	25.2	20.2	24.5	 
47.3	NaN	35.4	23.1	19.3	28.1	 
];
x.TMC = x.TMC';

x.MaskerRatio = [0.5      0.7      0.9        1      1.1      1.3      1.6];
x.IFMCFreq = [250   500  1000  2000  4000  6000];
x.IFMCs = [
29.4	41.8	60.5	60.8	62.1	62	 
23.7	34.8	32.9	49.4	45.7	45.1	 
18.6	20.5	20.1	25.2	23.7	26.4	 
16.8	19.6	15.1	16	14.2	16.9	 
15.7	20	14.8	17.5	20.6	23.4	 
15.3	27.6	34.7	49.5	60.7	67	 
17.9	58.9	70.5	79.3	88.1	103	 
];
x.IFMCs = x.IFMCs';
