function x = MTprofile8_7hr06_Apr_2013
%created: 8_7hr06_Apr_2013

x.BFs = [2000];

x.LongTone = [46.5];
x.ShortTone = [48.2];

x.Gaps = [0.01      0.03      0.05      0.07      0.09];
x.TMCFreq = [2000];
x.TMC = [
16.5	 
20.4	 
18.6	 
7.93	 
-0.449	 
];
x.TMC = x.TMC';

x.MaskerRatio = [0.5      0.7      0.9        1      1.1      1.3      1.6];
x.IFMCFreq = [2000];
x.IFMCs = [
8.78	 
41.6	 
26.7	 
13.2	 
24.2	 
18.5	 
62.6	 
];
x.IFMCs = x.IFMCs';
