function x = MTprofile7_29hr27_Nov_2012
%created: 7_29hr27_Nov_2012

x.BFs = [4000];

x.LongTone = [26.2];
x.ShortTone = [43];

x.Gaps = [0.01      0.03      0.05      0.07      0.09];
x.TMCFreq = [4000];
x.TMC = [
56	 
42.3	 
NaN	 
36.6	 
46.3	 
];
x.TMC = x.TMC';

x.MaskerRatio = [0.5      0.7      0.9        1      1.1      1.3      1.6];
x.IFMCFreq = [4000];
x.IFMCs = [
43.3	 
40.5	 
-19.5	 
3.44	 
18.9	 
43.9	 
25.4	 
];
x.IFMCs = x.IFMCs';
