function x = MTprofileDRNLa4_18_21hr22_May_2013
%created: 18_51hr22_May_2013

x.BFs = [250   500  1000  2000  4000  6000];

x.LongTone = [24.4        20      16.9       9.6      6.56      11.2];
x.ShortTone = [33.2      30.7      21.5      16.7        13      14.5];

x.Gaps = [0.01      0.03      0.05      0.07      0.09];
x.TMCFreq = [250   500  1000  2000  4000  6000];
x.TMC = [
39.4	43.6	23.1	22.5	24.6	26.2	 
45.4	41.7	29.4	29.2	27.5	25.7	 
46.6	44.4	30.3	35.3	28.2	30	 
46	46.6	37.8	36.3	32.5	33.5	 
40.5	50.4	41.2	36.7	32	34.2	 
];
x.TMC = x.TMC';

x.MaskerRatio = [0.5      0.7      0.9        1      1.1      1.3      1.6];
x.IFMCFreq = [250   500  1000  2000  4000  6000];
x.IFMCs = [
54.1	66.6	64.7	57.8	53.4	50.6	 
50.1	56.1	55.6	49.2	43.8	42.7	 
34.8	39.4	39.3	55.6	38.1	33.4	 
36.1	42.3	32.7	26.7	22.2	26	 
32.6	46.1	30.7	31.4	26.7	31.3	 
47.1	58	54.8	60.5	66.1	73.4	 
56.6	57.2	60.3	65.6	73.8	79.5	 
];
x.IFMCs = x.IFMCs';
