function x = MTprofile18_16hr15_Jul_2012
%created: 18_16hr15_Jul_2012

x.BFs = [250   500  1000  2000  4000  6000];

x.LongTone = [11.8      7.97      6.24      5.08      2.43      4.19];
x.ShortTone = [16      12.3      9.66      8.07      4.42      7.12];

x.Gaps = [0.01      0.03      0.05      0.07      0.09];
x.TMCFreq = [250   500  1000  2000  4000  6000];
x.TMC = [
27.4	23.2	20.3	19.4	15.6	18.9	 
29.5	26.8	23.8	22	18.3	20.5	 
33.1	33.1	26.7	25.9	20.9	26.5	 
46.1	51.7	42.1	37.5	23.2	41.6	 
101	NaN	NaN	NaN	37.3	NaN	 
];
x.TMC = x.TMC';

x.MaskerRatio = [0.5      0.7      0.9        1      1.1      1.3      1.6];
x.IFMCFreq = [250   500  1000  2000  4000  6000];
x.IFMCs = [
40.3	54.3	64.6	61.4	57.7	56.2	 
33.3	39.1	52.1	49	41.4	41.3	 
28.3	25.9	26.1	26.3	24	26.3	 
27.3	23.5	20.8	18.8	15.1	18	 
25.6	22.3	21.9	20.6	20.7	25.1	 
26.3	26.8	33.3	43	47.1	55.3	 
29.8	58.7	67.3	75.9	85.2	93.6	 
];
x.IFMCs = x.IFMCs';
