function x = MTprofile16_41hr28_Nov_2012
%created: 16_41hr28_Nov_2012

x.BFs = [250   500  1000  2000  4000  6000];

x.LongTone = [20.5      16.1      15.8        18      20.9        25];
x.ShortTone = [22.1      18.4      18.2      21.6      28.7      36.9];

x.Gaps = [0.01      0.03      0.05      0.07      0.09];
x.TMCFreq = [250   500  1000  2000  4000  6000];
x.TMC = [
36.8	33.3	35.6	61.3	19.6	45	 
42	37.8	NaN	NaN	18.7	43.8	 
62.2	83.2	NaN	NaN	22.3	15.8	 
NaN	NaN	NaN	NaN	42.4	47.5	 
NaN	NaN	NaN	NaN	52.3	10.5	 
];
x.TMC = x.TMC';

x.MaskerRatio = [0.5      0.7      0.9        1      1.1      1.3      1.6];
x.IFMCFreq = [250   500  1000  2000  4000  6000];
x.IFMCs = [
48	65.2	77.4	77	63.2	41.8	 
42.4	42.7	54.9	60.7	32.1	37.5	 
38.7	34.5	39.9	61.6	23.2	24.7	 
37.1	33.2	37	70.2	35.1	23.8	 
36.3	33	43.1	65.3	17.3	42.8	 
39.6	45.3	87.1	98.4	11.6	31.5	 
52.3	79.9	NaN	NaN	50.8	58.6	 
];
x.IFMCs = x.IFMCs';
