function x = MTprofile8_58hr31_Mar_2013
%created: 8_58hr31_Mar_2013

x.BFs = [250   500  1000  2000  4000  6000];

x.LongTone = [9.42       3.8      1.41    -0.246    -0.913      3.25];
x.ShortTone = [12.3      7.26      5.23      2.71      3.09      5.24];

x.Gaps = [0.01      0.03      0.05      0.07      0.09];
x.TMCFreq = [250   500  1000  2000  4000  6000];
x.TMC = [
44.1	30.9	27.2	32.2	46.3	21.6	 
44.6	50.7	47.1	46	67.8	53.9	 
71.7	53.6	77.4	74.3	90.1	56.5	 
91.5	70.4	NaN	83.3	NaN	75.6	 
NaN	NaN	NaN	NaN	NaN	NaN	 
];
x.TMC = x.TMC';

x.MaskerRatio = [0.5      0.7      0.9        1      1.1      1.3      1.6];
x.IFMCFreq = [250   500  1000  2000  4000  6000];
x.IFMCs = [
58.5	70.6	72.1	62.7	62.3	62.1	 
40.4	52.8	63	57.2	58.3	55	 
38.6	30.8	38.7	64.5	64	52.8	 
35.7	26	30.3	33.3	43.5	24	 
30.7	24	33.5	35.8	49.2	40	 
33.7	37.4	64.2	70.8	82.4	88.9	 
43.8	62.8	71.9	79.8	86.9	91.8	 
];
x.IFMCs = x.IFMCs';
