function x = MTprofile10_23hr21_Nov_2012
%created: 10_23hr21_Nov_2012

x.BFs = [250   500  1000  2000  4000  6000];

x.LongTone = [8.88      4.19      4.51      10.1      13.7        17];
x.ShortTone = [12.5      8.03      7.31      16.1        19      21.9];

x.Gaps = [0.01      0.03      0.05      0.07      0.09];
x.TMCFreq = [250   500  1000  2000  4000  6000];
x.TMC = [
25.8	21.6	18.2	29.2	35	39.4	 
30.8	28.1	23.2	42	61.8	71	 
47.1	30.3	30	58.8	NaN	NaN	 
64.1	39.5	30.6	74.1	NaN	NaN	 
NaN	61.5	45.9	NaN	NaN	NaN	 
];
x.TMC = x.TMC';

x.MaskerRatio = [0.5      0.7      0.9        1      1.1      1.3      1.6];
x.IFMCFreq = [250   500  1000  2000  4000  6000];
x.IFMCs = [
36.4	41.5	42.3	59.1	68.9	70.2	 
31.1	31.8	32.1	50.5	62.5	64.3	 
27.7	23.5	22.6	34.2	47	46.5	 
26.3	23.4	16.7	29.3	33	34.8	 
25.1	22	22.4	28.8	38.1	45.9	 
24.4	23.5	26.5	49.6	52.9	58.8	 
27.4	33.4	59.6	85.1	100	NaN	 
];
x.IFMCs = x.IFMCs';
