function x = MTprofile18_52hr14_Apr_2013
%created: 18_52hr14_Apr_2013

x.BFs = [1000];

x.LongTone = [15.6];
x.ShortTone = [18.2];

x.Gaps = [0.01      0.03      0.05      0.07      0.09];
x.TMCFreq = [1000];
x.TMC = [
31.3	 
33.8	 
34.9	 
34.3	 
38.5	 
];
x.TMC = x.TMC';

x.MaskerRatio = [0.5      0.7      0.9        1      1.1      1.3      1.6];
x.IFMCFreq = [1000];
x.IFMCs = [
57.2	 
49.6	 
38.3	 
32.3	 
30.2	 
48.1	 
53.7	 
];
x.IFMCs = x.IFMCs';
