function x = MTprofile21_24hr04_Sep_2012
%created: 21_24hr04_Sep_2012

x.BFs = [250   500  1000  2000  4000  6000];

x.LongTone = [14.1      9.52      10.5      11.2      9.39      14.3];
x.ShortTone = [18      13.9      14.8      16.4      14.7      17.4];

x.Gaps = [0.01      0.03      0.05      0.07      0.09];
x.TMCFreq = [250   500  1000  2000  4000  6000];
x.TMC = [
31	26.4	28.6	33.9	30.9	30.3	 
34.5	31.1	37.1	38.9	39.8	37.8	 
38.1	36	45.6	59.3	102	54	 
74.2	47.4	56.4	NaN	NaN	NaN	 
67.6	60.4	NaN	NaN	NaN	NaN	 
];
x.TMC = x.TMC';

x.MaskerRatio = [0.5      0.7      0.9        1      1.1      1.3      1.6];
x.IFMCFreq = [250   500  1000  2000  4000  6000];
x.IFMCs = [
46.2	56.4	71.7	72.2	71.1	66	 
39.1	42.5	58.1	61.4	56.3	52.2	 
31.9	29.4	35.6	38.6	38.5	36.5	 
31.8	28	28.8	30	27.6	29.4	 
29	29.9	34.5	36.8	34.8	42.6	 
28.8	36.4	72.6	80.9	72.2	101	 
33.4	64.6	78.1	86.9	98.6	NaN	 
];
x.IFMCs = x.IFMCs';
