function x = MTprofile10_6hr03_Mar_2013
%created: 10_6hr03_Mar_2013

x.BFs = [1000];

x.LongTone = [-0.42];
x.ShortTone = [3.23];

x.Gaps = [0.01      0.03      0.05      0.07      0.09];
x.TMCFreq = [1000];
x.TMC = [
5.55	 
5.59	 
7.25	 
6.42	 
6.75	 
];
x.TMC = x.TMC';

x.MaskerRatio = [0.5      0.7      0.9        1      1.1      1.3      1.6];
x.IFMCFreq = [1000];
x.IFMCs = [
53.9	 
31.8	 
9.6	 
4.97	 
3.62	 
17.7	 
59.9	 
];
x.IFMCs = x.IFMCs';
