function x = MTprofile15_33hr10_May_2012
%created: 15_33hr10_May_2012

x.BFs = [250   500  1000  2000  4000  6000];

x.LongTone = [10.2      5.17      4.42      3.84       1.8      5.73];
x.ShortTone = [13.1        12      10.4      11.9      12.2      13.7];

x.Gaps = [0.01      0.03      0.05      0.07      0.09];
x.TMCFreq = [250   500  1000  2000  4000  6000];
x.TMC = [
24.2	25.6	26.7	44.3	37.3	29.3	 
27	36.2	53.1	49.9	60.2	40.4	 
26.8	48.1	56.6	65.2	80.7	46.6	 
31.8	70.6	67.6	79	70.4	87.3	 
35.7	96.7	67.9	89.4	74.8	97.8	 
];
x.TMC = x.TMC';

x.MaskerRatio = [0.5      0.7      0.9        1      1.1      1.3      1.6];
x.IFMCFreq = [250   500  1000  2000  4000  6000];
x.IFMCs = [
36.7	61.8	66.9	66.4	70.2	72.8	 
29.7	41	55.3	55	49.2	60.1	 
24.7	28.1	29.1	63.4	59	51.7	 
23.4	25.3	32.7	33.2	41.6	30.8	 
21.3	24.5	33.3	53	56.3	48.8	 
23.1	30.6	62.1	74.2	88.1	94.1	 
26.7	61.3	72.7	91.8	99.2	NaN	 
];
x.IFMCs = x.IFMCs';
