function x = MTprofile8_58hr17_Sep_2012
%created: 8_58hr17_Sep_2012

x.BFs = [250   500  1000  2000  4000  6000];

x.LongTone = [17.6      14.9      12.2      12.5      8.94      10.9];
x.ShortTone = [18.9      15.4      12.7      12.8        10      11.7];

x.Gaps = [0.01      0.03      0.05      0.07      0.09];
x.TMCFreq = [250   500  1000  2000  4000  6000];
x.TMC = [
25.9	26.9	17.3	15.1	15.5	19	 
28.7	22.1	20.6	16	12.9	22.2	 
32.8	24.1	18.8	19	13.1	20.7	 
25.8	30.5	20.7	19.1	14.9	19.1	 
30.8	26.6	19.6	15.4	13	8.74	 
];
x.TMC = x.TMC';

x.MaskerRatio = [0.5      0.7      0.9        1      1.1      1.3      1.6];
x.IFMCFreq = [250   500  1000  2000  4000  6000];
x.IFMCs = [
38.3	50.6	68.2	68.9	61.6	62.3	 
31.1	36.5	41.8	54.2	45.6	44.7	 
28.2	24.9	20.7	24.4	20.2	24.9	 
45.2	21.3	20.2	15.8	13.8	16.5	 
23.7	20.9	18.9	18.2	17	28.9	 
25.1	25.9	29.1	36.3	42.8	51.9	 
29.4	39.3	75	81.2	91.8	NaN	 
];
x.IFMCs = x.IFMCs';
