function x = MTprofile18_34hr04_Sep_2012
%created: 18_34hr04_Sep_2012

x.BFs = [250];

x.LongTone = [12.7];
x.ShortTone = [18.1];

x.Gaps = [0.01      0.03      0.05      0.07      0.09];
x.TMCFreq = [250];
x.TMC = [
32.5	 
34.5	 
42.3	 
66.1	 
88.1	 
];
x.TMC = x.TMC';

x.MaskerRatio = [0.5      0.7      0.9        1      1.1      1.3      1.6];
x.IFMCFreq = [250];
x.IFMCs = [
47.6	 
39.3	 
32.8	 
30.7	 
29.9	 
29.4	 
34.3	 
];
x.IFMCs = x.IFMCs';
