function x = MTprofile9_27hr31_Mar_2013
%created: 9_27hr31_Mar_2013

x.BFs = [250   500  1000  2000  4000  6000];

x.LongTone = [10         4       1.7     -0.41     0.277      2.89];
x.ShortTone = [12.1      7.56      3.91      3.05      2.83      6.08];

x.Gaps = [0.01      0.03      0.05      0.07      0.09];
x.TMCFreq = [250   500  1000  2000  4000  6000];
x.TMC = [
33.1	27.8	27.9	36.6	46.6	28	 
41.5	41.3	36	42.6	57.2	54.4	 
63.7	65	54.8	71.6	NaN	NaN	 
94.1	96.5	62.2	79.9	NaN	NaN	 
96.2	NaN	NaN	NaN	NaN	NaN	 
];
x.TMC = x.TMC';

x.MaskerRatio = [0.5      0.7      0.9        1      1.1      1.3      1.6];
x.IFMCFreq = [250   500  1000  2000  4000  6000];
x.IFMCs = [
59.4	70.9	69	63.4	62.3	61.9	 
45	54.5	62.3	55.5	54.6	56.5	 
34.9	35.5	37.9	64.2	54.8	67.9	 
30.1	28.1	26	37.1	38.9	26.8	 
31.3	28.9	27.5	43.8	42.3	38.8	 
31.4	43.2	63	74.7	82.3	88.6	 
45.5	62.9	71.7	81.4	88.7	94.7	 
];
x.IFMCs = x.IFMCs';
