function x = MTprofile22_56hr02_Apr_2013
%created: 22_56hr02_Apr_2013

x.BFs = [250   500  1000  2000  4000  6000];

x.LongTone = [18.1      14.5      11.3      9.05      9.06      11.6];
x.ShortTone = [24.5      19.4        16      14.3      13.6      17.7];

x.Gaps = [0.01      0.03      0.05      0.07      0.09];
x.TMCFreq = [250   500  1000  2000  4000  6000];
x.TMC = [
37.8	34.1	29.3	26.2	30.8	33.3	 
43.3	38.9	37.6	33.1	41.6	40.6	 
49.1	45.8	38.4	45.7	49.7	50.7	 
53.5	47.9	52.2	49.8	53.4	83.7	 
65.6	54.9	50.9	52.4	68.2	86.6	 
];
x.TMC = x.TMC';

x.MaskerRatio = [0.5      0.7      0.9        1      1.1      1.3      1.6];
x.IFMCFreq = [250   500  1000  2000  4000  6000];
x.IFMCs = [
52.2	64.6	64.8	55.9	53.5	54.8	 
44.3	53.1	57.8	50.6	47.5	52.7	 
38.6	34.6	38.8	57.8	37.9	49.7	 
36.9	34.1	31.3	29.9	29.3	35.7	 
38.6	31.8	31.5	30.2	35.7	40.4	 
36.7	58.9	58.6	63.4	69.1	76.9	 
45.5	57.5	64.5	70	77.9	80.9	 
];
x.IFMCs = x.IFMCs';
