function x = MTprofile11_12hr09_May_2012
%created: 11_12hr09_May_2012

x.BFs = [250   500  1000  2000  4000  6000];

x.LongTone = [12.4      8.17      8.75      8.76      7.28      8.24];
x.ShortTone = [16.2      13.1      12.1      12.6      11.8      13.7];

x.Gaps = [0.01      0.03      0.05      0.07      0.09];
x.TMCFreq = [250   500  1000  2000  4000  6000];
x.TMC = [
25.4	26.2	28.3	23.8	29.8	28	 
31.5	33.7	41.6	51.7	51.7	28.4	 
34.1	45.2	61.8	50.6	43.7	40.3	 
55.8	73.8	71.4	71.3	51	42.2	 
84.4	103	73.8	77.4	63.1	57.1	 
];
x.TMC = x.TMC';

x.MaskerRatio = [0.5      0.7      0.9        1      1.1      1.3      1.6];
x.IFMCFreq = [250   500  1000  2000  4000  6000];
x.IFMCs = [
40.6	59.7	69.1	66.4	68	63.8	 
33.9	38.5	56.1	53.9	50.9	51.2	 
29.1	28	28.1	59.9	44.9	47.4	 
27.2	24.7	29.4	40.8	24.5	26.3	 
25.4	24.7	30.2	29.5	28.9	30	 
26.2	31.9	62.5	75.1	78.3	91	 
29.5	61.2	78.7	86.4	90.8	NaN	 
];
x.IFMCs = x.IFMCs';
