function x = MTprofile7_10hr25_Oct_2012
%created: 7_10hr25_Oct_2012

x.BFs = [1000];

x.LongTone = [6.51];
x.ShortTone = [6.82];

x.Gaps = [0.01      0.03      0.05      0.07      0.09];
x.TMCFreq = [1000];
x.TMC = [
33.9	 
51.4	 
42	 
NaN	 
NaN	 
];
x.TMC = x.TMC';

x.MaskerRatio = [0.5      0.7      0.9        1      1.1      1.3      1.6];
x.IFMCFreq = [1000];
x.IFMCs = [
69.5	 
37.5	 
17.2	 
17.3	 
41.9	 
33.5	 
75.4	 
];
x.IFMCs = x.IFMCs';
