function x = MTprofile15_14hr03_Apr_2013
%created: 15_14hr03_Apr_2013

x.BFs = [2000];

x.LongTone = [10.3];
x.ShortTone = [15.3];

x.Gaps = [0.01      0.03      0.05      0.07      0.09];
x.TMCFreq = [2000];
x.TMC = [
29.6	 
38.2	 
56.8	 
66.3	 
69.9	 
];
x.TMC = x.TMC';

x.MaskerRatio = [0.5      0.7      0.9        1      1.1      1.3      1.6];
x.IFMCFreq = [2000];
x.IFMCs = [
66	 
59.4	 
67.1	 
30	 
30.9	 
72.5	 
77.8	 
];
x.IFMCs = x.IFMCs';
