function x = MTprofile22_50hr21_Oct_2012
%created: 22_50hr21_Oct_2012

x.BFs = [250   500  1000  2000  4000  6000];

x.LongTone = [73.1      49.7      46.2        53      58.8        65];
x.ShortTone = [NaN      50.2        47      52.9      59.8      65.7];

x.Gaps = [0.01      0.03      0.05      0.07      0.09];
x.TMCFreq = [250   500  1000  2000  4000  6000];
x.TMC = [
NaN	50.4	46.7	52.7	57	65.4	 
NaN	55.4	49.8	53.1	62.9	70.4	 
NaN	57.8	57.4	58.3	62.5	69.8	 
NaN	96	61.8	59.8	74.9	70.4	 
NaN	NaN	81.3	61.2	61.1	NaN	 
];
x.TMC = x.TMC';

x.MaskerRatio = [0.5      0.7      0.9        1      1.1      1.3      1.6];
x.IFMCFreq = [250   500  1000  2000  4000  6000];
x.IFMCs = [
NaN	67.3	65	59.3	57.3	56.2	 
NaN	60.1	52.1	46.6	41.8	41.5	 
NaN	53.6	47.4	46.1	50.9	57.8	 
NaN	50.7	45.3	50.8	57.8	66.3	 
NaN	48.4	49.4	56.8	61.8	71.4	 
NaN	49	54.8	64	72.3	80.4	 
NaN	52.2	64.4	70.7	79.7	89.8	 
];
x.IFMCs = x.IFMCs';
