function x = MTprofile12_0hr18_Oct_2012
%created: 12_0hr18_Oct_2012

x.BFs = [250   500  1000  2000  4000  6000];

x.LongTone = [24.8      21.4      33.2      49.9      49.1      39.5];
x.ShortTone = [27.6      26.5      39.7        60      60.3      49.5];

x.Gaps = [0.01      0.03      0.05      0.07      0.09];
x.TMCFreq = [250   500  1000  2000  4000  6000];
x.TMC = [
36.2	33.8	53.4	78.6	52.9	46.9	 
41	48.4	56.1	80	78.7	40.9	 
46.8	54.7	67.7	NaN	80.5	65.3	 
64.2	48.3	78.7	NaN	59	79.7	 
64.4	63.8	73.4	NaN	72.3	66.8	 
];
x.TMC = x.TMC';

x.MaskerRatio = [0.5      0.7      0.9        1      1.1      1.3      1.6];
x.IFMCFreq = [250   500  1000  2000  4000  6000];
x.IFMCs = [
47.1	74.2	79.8	80.3	81.5	79.2	 
36	54.9	68.4	70.2	66.9	71.2	 
38.2	38.1	55	75	83.7	66.3	 
35.6	35.4	53.6	72.3	57.1	47.9	 
38	38.6	54.4	64.8	56.5	60.5	 
35.3	56.1	72.2	88.6	66	84.3	 
47.4	73.2	90.8	NaN	NaN	NaN	 
];
x.IFMCs = x.IFMCs';
