function x = MTprofile23_30hr02_Apr_2013
%created: 23_30hr02_Apr_2013

x.BFs = [250   500  1000  2000  4000  6000];

x.LongTone = [18.1      14.5      11.3      9.05      9.06      11.6];
x.ShortTone = [24.5      19.4        16      14.3      13.6      17.7];

x.Gaps = [0.01      0.03      0.05      0.07      0.09];
x.TMCFreq = [250   500  1000  2000  4000  6000];
x.TMC = [
38.2	33.3	28.8	27.4	30.2	35	 
39.4	37.2	35.6	35.3	33.3	33	 
41.6	38.5	36.3	33.7	36.7	38.8	 
44.8	44.8	37.7	37.5	42.5	52.2	 
50.9	52.1	44.8	51.8	47.9	61.3	 
];
x.TMC = x.TMC';

x.MaskerRatio = [0.5      0.7      0.9        1      1.1      1.3      1.6];
x.IFMCFreq = [250   500  1000  2000  4000  6000];
x.IFMCs = [
49.8	61.3	64.4	55.6	54	59.5	 
44	46.1	59.7	50.6	44.7	50.5	 
37	36.1	35.9	36.5	34.8	44.7	 
34.7	31.6	31.5	27.9	29.4	30.7	 
35.3	32.6	30.6	31.1	30.7	42	 
35.8	36.2	43.7	60	73.2	79.7	 
41.8	48.8	65.7	71.6	73.5	83.9	 
];
x.IFMCs = x.IFMCs';
