function x = MTprofile11_47hr21_Oct_2012
%created: 11_47hr21_Oct_2012

x.BFs = [250   500  1000  2000  4000  6000];

x.LongTone = [4.65     0.785    -0.885     -2.53     -5.51     -4.24];
x.ShortTone = [6.28       2.3     0.821    -0.986     -3.56     -2.33];

x.Gaps = [0.01      0.03      0.05      0.07      0.09];
x.TMCFreq = [250   500  1000  2000  4000  6000];
x.TMC = [
17.8	14.9	13.3	13.3	11	11.8	 
24.2	19.2	29.9	23.7	25.9	15.4	 
45.5	59.4	NaN	74.9	NaN	NaN	 
NaN	NaN	NaN	NaN	NaN	NaN	 
NaN	NaN	NaN	NaN	NaN	NaN	 
];
x.TMC = x.TMC';

x.MaskerRatio = [0.5      0.7      0.9        1      1.1      1.3      1.6];
x.IFMCFreq = [250   500  1000  2000  4000  6000];
x.IFMCs = [
32.9	43.3	63.4	62.9	65.4	57.3	 
25.9	29.6	38.6	51.9	41.9	40.6	 
19.8	17.4	19.3	19.8	20.1	19.7	 
17.3	15.1	15.7	13	11.2	11.1	 
17.2	13.1	14.8	14.7	14.3	17.9	 
17.2	17.4	24.7	30.9	40.7	46.9	 
21.2	29.1	73.4	80.2	91.3	98.4	 
];
x.IFMCs = x.IFMCs';
