function x = MTprofileDRNLa1_15_58hr22_May_2013
%created: 16_27hr22_May_2013

x.BFs = [250   500  1000  2000  4000  6000];

x.LongTone = [24.4        20      16.9       9.6      6.56      11.2];
x.ShortTone = [33.2      30.7      21.5      16.7        13      14.5];

x.Gaps = [0.01      0.03      0.05      0.07      0.09];
x.TMCFreq = [250   500  1000  2000  4000  6000];
x.TMC = [
51.1	42.5	34	38.5	44.9	39	 
57.6	54	38.8	44.2	57.7	64.4	 
59.9	54.2	42.5	44.6	68.6	69.8	 
57.7	54.8	40.6	50.6	72.9	91	 
70.4	58.5	45.4	49.9	89.2	NaN	 
];
x.TMC = x.TMC';

x.MaskerRatio = [0.5      0.7      0.9        1      1.1      1.3      1.6];
x.IFMCFreq = [250   500  1000  2000  4000  6000];
x.IFMCs = [
60.7	72.3	67.5	63.5	63.6	61.2	 
56.9	60	58.3	51.5	54.1	51.9	 
42.9	50.8	47.3	57.9	57.6	59.1	 
42.6	47.5	35.7	34	43.6	41.3	 
50.3	52	39.4	32.9	46.1	50.2	 
68.8	62	57.4	63.4	73.8	81.5	 
60	59.5	62.5	70.4	81.9	90.1	 
];
x.IFMCs = x.IFMCs';
