function x = MTprofile12_18hr28_Aug_2012
%created: 12_18hr28_Aug_2012

x.BFs = [250   500  1000  2000  4000  6000];

x.LongTone = [9.9      4.98      3.22       1.2    -0.975     0.818];
x.ShortTone = [11.3      8.86      6.08      4.92      1.37      3.34];

x.Gaps = [0.01      0.03      0.05      0.07      0.09];
x.TMCFreq = [250   500  1000  2000  4000  6000];
x.TMC = [
23.5	22.2	20	19.9	15.3	17.2	 
26.4	46.8	41	48.1	20.7	26	 
36.7	NaN	NaN	NaN	96.6	NaN	 
NaN	NaN	NaN	NaN	NaN	NaN	 
NaN	NaN	NaN	NaN	NaN	NaN	 
];
x.TMC = x.TMC';

x.MaskerRatio = [0.5      0.7      0.9        1      1.1      1.3      1.6];
x.IFMCFreq = [250   500  1000  2000  4000  6000];
x.IFMCs = [
36.4	52.9	64.6	62.7	60.1	56	 
30.4	36.3	50.5	49.5	42.7	41.3	 
24.6	26.9	25	27.6	23.3	24.9	 
22.4	23.7	18.9	20.4	13.4	16.7	 
22.2	22.1	20.5	24.2	19.7	23.4	 
21.1	25.7	33.2	54	43.6	55.5	 
25.6	57.9	67.6	77.9	85.7	95.7	 
];
x.IFMCs = x.IFMCs';
