function x = MTprofile8_39hr06_Apr_2013
%created: 8_39hr06_Apr_2013

x.BFs = [2000];

x.LongTone = [30.1];
x.ShortTone = [29.6];

x.Gaps = [0.01      0.03      0.05      0.07      0.09];
x.TMCFreq = [2000];
x.TMC = [
18.2	 
18.3	 
15.4	 
19.1	 
19	 
];
x.TMC = x.TMC';

x.MaskerRatio = [0.5      0.7      0.9        1      1.1      1.3      1.6];
x.IFMCFreq = [2000];
x.IFMCs = [
19.2	 
36.8	 
21.2	 
19.1	 
18.6	 
36.9	 
22.9	 
];
x.IFMCs = x.IFMCs';
