function x = MTprofile21_42hr08_Jul_2012
%created: 21_42hr08_Jul_2012

x.BFs = [250   500  1000  2000  4000  6000];

x.LongTone = [2.3     -1.88     -1.43      5.03      5.17      5.38];
x.ShortTone = [3.93     0.685      3.02      10.2      7.65      9.03];

x.Gaps = [0.01      0.03      0.05      0.07      0.09];
x.TMCFreq = [250   500  1000  2000  4000  6000];
x.TMC = [
14.3	27.9	15.9	10.5	18.6	27	 
34.9	69.2	45.4	27.5	23.3	41.8	 
72.6	NaN	45.5	9.77	45.3	40.3	 
94.6	NaN	51.7	28.2	38.3	61.4	 
NaN	NaN	55.3	30.1	39.7	69.1	 
];
x.TMC = x.TMC';

x.MaskerRatio = [0.5      0.7      0.9        1      1.1      1.3      1.6];
x.IFMCFreq = [250   500  1000  2000  4000  6000];
x.IFMCs = [
25.9	51.4	53.1	52.6	58.8	62.2	 
22	38	36.2	43.4	44.7	48.9	 
16.9	27.6	25.7	22.6	29.3	37.6	 
15.7	24.3	27	11.8	14.5	21.9	 
14.6	35.1	31.8	11.4	19.9	26.7	 
16.3	40	51.7	34.7	55.8	74.8	 
18.1	60	69.2	73.7	87.4	103	 
];
x.IFMCs = x.IFMCs';
