function x = MTprofile7_39hr11_May_2013
%created: 7_39hr11_May_2013

x.BFs = [4000];

x.LongTone = [56.8];
x.ShortTone = [56.4];

x.Gaps = [0.01      0.03      0.05      0.07      0.09];
x.TMCFreq = [4000];
x.TMC = [
55.8	 
60.7	 
62.3	 
67.7	 
60.4	 
];
x.TMC = x.TMC';

x.MaskerRatio = [0.5      0.7      0.9        1      1.1      1.3      1.6];
x.IFMCFreq = [4000];
x.IFMCs = [
58.5	 
48.3	 
49.1	 
56	 
61.1	 
65.4	 
75.9	 
];
x.IFMCs = x.IFMCs';
