function x = MTprofile8_5hr26_Apr_2013
%created: 8_5hr26_Apr_2013

x.BFs = [1000];

x.LongTone = [16.7];
x.ShortTone = [19.4];

x.Gaps = [0.01      0.03      0.05      0.07      0.09];
x.TMCFreq = [1000];
x.TMC = [
38.5	 
44.9	 
46	 
49.8	 
57.8	 
];
x.TMC = x.TMC';

x.MaskerRatio = [0.5      0.7      0.9        1      1.1      1.3      1.6];
x.IFMCFreq = [1000];
x.IFMCs = [
62	 
54	 
44	 
38.4	 
38.2	 
53.3	 
57.6	 
];
x.IFMCs = x.IFMCs';
