function x = MTprofile17_45hr03_Nov_2012
%created: 17_45hr03_Nov_2012

x.BFs = [250   500  1000  2000  4000  6000];

x.LongTone = [13.3      10.2      10.2      14.7      17.8      19.7];
x.ShortTone = [16.5      12.8      12.9      18.7        20      22.9];

x.Gaps = [0.01      0.03      0.05      0.07      0.09];
x.TMCFreq = [250   500  1000  2000  4000  6000];
x.TMC = [
27.5	25.8	23	25.9	26.6	35.7	 
31.9	36.5	28.1	38.5	36.1	53.6	 
48.5	37.9	32.9	36.5	43.8	52.7	 
58.9	53.3	40.6	37.6	48.5	99.1	 
78	70.8	47.2	48	66.5	NaN	 
];
x.TMC = x.TMC';

x.MaskerRatio = [0.5      0.7      0.9        1      1.1      1.3      1.6];
x.IFMCFreq = [250   500  1000  2000  4000  6000];
x.IFMCs = [
36.4	48.3	56.7	60.3	66.5	70.8	 
32.8	28.6	39.4	51.6	58.9	63.1	 
28.1	27.6	28	37.4	39.1	42.3	 
27.4	25.5	26.6	29.4	31.6	40.9	 
27	23.7	21.1	26.1	29.1	35.9	 
27.2	26.1	37.8	47.2	54.8	62	 
30.9	64.6	74.7	85.2	96.6	104	 
];
x.IFMCs = x.IFMCs';
