function x = MTprofile19_45hr02_Sep_2012
%created: 19_45hr02_Sep_2012

x.BFs = [250   500  1000  2000  4000  6000];

x.LongTone = [7.9      4.42      2.43     0.558     -1.02       2.2];
x.ShortTone = [12      7.34      5.87      3.91      1.83      5.93];

x.Gaps = [0.01      0.03      0.05      0.07      0.09];
x.TMCFreq = [250   500  1000  2000  4000  6000];
x.TMC = [
23.4	20.1	20.8	15.3	15.3	18.4	 
27.9	24	27.2	20.7	26.9	27.8	 
36.6	29.7	49.6	52	96	NaN	 
50.4	45.2	57.9	96.6	NaN	NaN	 
59.8	54.5	67.6	NaN	NaN	NaN	 
];
x.TMC = x.TMC';

x.MaskerRatio = [0.5      0.7      0.9        1      1.1      1.3      1.6];
x.IFMCFreq = [250   500  1000  2000  4000  6000];
x.IFMCs = [
42.1	52.3	61.2	59.1	58.3	53.8	 
34.3	37.1	49.5	45.7	40.5	41.4	 
26.7	22.8	23.4	25.4	23.7	26.6	 
24	19.3	18	15.6	15	18.7	 
22.6	21.8	23.1	22.4	20	30.7	 
22	32.5	59.3	66.6	64.5	85.5	 
26.4	54.7	64.9	72.1	82.8	92.2	 
];
x.IFMCs = x.IFMCs';
