function x = MTprofile20_14hr04_Apr_2013
%created: 20_14hr04_Apr_2013

x.BFs = [250   500  1000  2000  4000  6000];

x.LongTone = [21.1      16.2      13.2      11.8      10.5      13.7];
x.ShortTone = [24      19.2      16.3      15.1        14      17.1];

x.Gaps = [0.01      0.03      0.05      0.07      0.09];
x.TMCFreq = [250   500  1000  2000  4000  6000];
x.TMC = [
36.1	32.5	32.1	25.8	30	30.8	 
39.4	36.7	37.6	36.2	35.6	36.3	 
45	40.3	46.5	39.5	40	41.5	 
46.3	43.2	63.4	58.1	64.9	52.5	 
67.1	69.8	NaN	80.5	81.9	97.4	 
];
x.TMC = x.TMC';

x.MaskerRatio = [0.5      0.7      0.9        1      1.1      1.3      1.6];
x.IFMCFreq = [250   500  1000  2000  4000  6000];
x.IFMCs = [
49.3	57.9	59	51.2	47.2	48.3	 
41.6	46.3	53.9	45.7	38.7	42.1	 
36.3	35.2	35.8	53.4	38.9	40.9	 
35.5	32.7	31.3	30.3	26.3	30.4	 
34.2	32.4	32.6	33.3	32.7	34.8	 
34.6	39.4	55.2	59.7	66.5	71.5	 
39.8	52.3	61.3	64.9	72.4	76.2	 
];
x.IFMCs = x.IFMCs';
