function x = MTprofile16_23hr01_Apr_2013
%created: 16_23hr01_Apr_2013

x.BFs = [250   500  1000  2000  4000  6000];

x.LongTone = [21.1      16.2      13.2      11.8      10.5      13.7];
x.ShortTone = [24      19.2      16.3      15.1        14      17.1];

x.Gaps = [0.01      0.03      0.05      0.07      0.09];
x.TMCFreq = [250   500  1000  2000  4000  6000];
x.TMC = [
36.4	33	31.3	29	30.1	31.3	 
40.1	36.7	36.1	45.6	34.3	35.1	 
45	39.4	42.6	51.4	53.5	43	 
47.3	42.2	48.9	62.9	68.5	56.4	 
77.6	64.6	67.7	90.3	94.5	68.9	 
];
x.TMC = x.TMC';

x.MaskerRatio = [0.5      0.7      0.9        1      1.1      1.3      1.6];
x.IFMCFreq = [250   500  1000  2000  4000  6000];
x.IFMCs = [
50.3	70.4	79.8	74.2	66.8	74.3	 
42.3	47.9	72.7	65.5	61.8	60.8	 
38.5	35.3	35.2	41.5	37.1	41.7	 
36.5	33	31.8	33.6	29	31	 
35.4	30	31.8	32.1	33.1	40.8	 
36	34.1	49.1	79.6	87.8	95.4	 
41.1	56.9	79.8	89.8	97.1	99.9	 
];
x.IFMCs = x.IFMCs';
