function x = MTprofile10_38hr04_Apr_2013
%created: 10_38hr04_Apr_2013

x.BFs = [250   500  1000  2000  4000  6000];

x.LongTone = [21.1      16.2      11.7      12.3      11.5      15.2];
x.ShortTone = [24.7      19.2      14.8      14.8        14      17.6];

x.Gaps = [0.01      0.03      0.05      0.07      0.09];
x.TMCFreq = [250   500  1000  2000  4000  6000];
x.TMC = [
39.8	36	31.4	33.2	31.4	34.8	 
45.5	44.9	37.2	47.7	49.5	65	 
70.5	66.4	56.3	54.5	59.5	71	 
NaN	100	NaN	NaN	92.6	NaN	 
NaN	NaN	NaN	NaN	NaN	NaN	 
];
x.TMC = x.TMC';

x.MaskerRatio = [0.5      0.7      0.9        1      1.1      1.3      1.6];
x.IFMCFreq = [250   500  1000  2000  4000  6000];
x.IFMCs = [
51.7	64.6	60.3	55.4	51.6	55.8	 
48.1	49.3	54.2	47.7	44.1	49.4	 
41.9	36.9	36.7	54.1	45.4	47.1	 
39.1	36.9	30.1	34.9	31.1	33.6	 
39.8	34.9	32.6	39.9	36.1	41.8	 
38.5	54.8	53.3	64.5	71	78.8	 
43.5	54.2	63	75.2	80.9	82.5	 
];
x.IFMCs = x.IFMCs';
