function x = MTprofile
%created: 18_6hr29_Apr_2013

x.BFs = [250   500  1000  2000  4000  6000];

x.LongTone = [27.8      24.3      19.9      16.9      14.9      16.9];
x.ShortTone = [30.5      25.7      21.3      18.9      15.7      17.9];

x.Gaps = [0.01      0.03      0.05      0.07      0.09];
x.TMCFreq = [250   500  1000  2000  4000  6000];
x.TMC = [
52.4	42.3	40.7	39	32.9	36.3	 
70.9	71.8	84.6	66.3	48.8	60.9	 
NaN	NaN	NaN	NaN	99.5	NaN	 
NaN	NaN	NaN	NaN	NaN	NaN	 
NaN	NaN	NaN	NaN	NaN	NaN	 
];
x.TMC = x.TMC';

x.MaskerRatio = [0.5      0.7      0.9        1      1.1      1.3      1.6];
x.IFMCFreq = [250   500  1000  2000  4000  6000];
x.IFMCs = [
71.8	71.7	67.4	63.7	59.6	56.6	 
62.3	59.4	60	54.9	48.6	48.3	 
54.1	47.2	50.9	57.3	47.6	51.9	 
51.8	46.2	41.8	38.7	32.5	37.6	 
50.7	48	45.2	40	39.9	41.6	 
68.4	60.4	62.2	65.8	71.8	77.1	 
58.1	60.2	66.5	71.5	75.8	84.4	 
];
x.IFMCs = x.IFMCs';
