function x = MTprofile17_45hr17_Apr_2013
%created: 17_45hr17_Apr_2013

x.BFs = [250   500  1000  2000  4000  6000];

x.LongTone = [19.2        14      10.6      5.57      4.05      6.25];
x.ShortTone = [20.7      16.9        12      10.6      6.76      7.97];

x.Gaps = [0.01      0.03      0.05      0.07      0.09];
x.TMCFreq = [250   500  1000  2000  4000  6000];
x.TMC = [
31.2	28.6	23.3	22.9	18.1	18.4	 
33.2	31.3	25.5	24.8	21.1	21.3	 
37.6	35.2	28.6	29.6	27.1	25	 
38.4	42.4	35.8	41.8	31.1	29.5	 
45.9	74.5	47	91	60.7	38.2	 
];
x.TMC = x.TMC';

x.MaskerRatio = [0.5      0.7      0.9        1      1.1      1.3      1.6];
x.IFMCFreq = [250   500  1000  2000  4000  6000];
x.IFMCs = [
44.4	53.8	55.2	50.8	43.7	40.4	 
36.4	41.5	48.8	40.7	33.6	32	 
33.4	31	30.4	34.1	28.4	28.3	 
31.7	28.1	22.9	23.3	19.2	19.4	 
30.8	27.7	23.4	23.9	23.1	26.5	 
30.8	35.1	39	52.4	59.6	66.5	 
35.3	49	54.3	58.7	63.8	70.3	 
];
x.IFMCs = x.IFMCs';
