function x = MTprofile9_25hr03_Mar_2013
%created: 9_25hr03_Mar_2013

x.BFs = [250   500  1000  2000  4000  6000];

x.LongTone = [46.3      35.7      30.5      35.9      44.6      51.9];
x.ShortTone = [48.6      38.8      34.2      40.2      47.3        57];

x.Gaps = [0.01      0.03      0.05      0.07      0.09];
x.TMCFreq = [250   500  1000  2000  4000  6000];
x.TMC = [
58.3	43.7	42.6	45.3	50	70.6	 
60.3	50.8	44.9	51.1	54.4	73.9	 
63.4	54.3	44.1	49.8	49.7	82.4	 
64.7	49.7	49.9	55.4	33.6	77.8	 
74.5	53	49.1	61.7	59.2	NaN	 
];
x.TMC = x.TMC';

x.MaskerRatio = [0.5      0.7      0.9        1      1.1      1.3      1.6];
x.IFMCFreq = [250   500  1000  2000  4000  6000];
x.IFMCs = [
69.6	64.4	58.9	52.4	49.8	54.2	 
64.5	56.8	47.5	43.5	36	46	 
59.5	48.8	44	44	40.5	61.4	 
55.6	46	45	48.3	49	65.6	 
53.8	44.3	49.6	52.1	47.6	78.7	 
52.3	44.5	52.9	56.9	56.5	85.9	 
48.1	47.3	60.7	70.2	70.7	97.1	 
];
x.IFMCs = x.IFMCs';
