function x = MTprofile7_6hr19_Apr_2013
%created: 7_6hr19_Apr_2013

x.BFs = [1000];

x.LongTone = [15.8];
x.ShortTone = [18.9];

x.Gaps = [0.01      0.03      0.05      0.07      0.09];
x.TMCFreq = [1000];
x.TMC = [
30.3	 
34.3	 
37	 
55.7	 
NaN	 
];
x.TMC = x.TMC';

x.MaskerRatio = [0.5      0.7      0.9        1      1.1      1.3      1.6];
x.IFMCFreq = [1000];
x.IFMCs = [
61.1	 
54.7	 
36.5	 
30.8	 
31.2	 
53.5	 
59.6	 
];
x.IFMCs = x.IFMCs';
