function x = MTprofile8_50hr03_Mar_2013
%created: 8_50hr03_Mar_2013

x.BFs = [1000];

x.LongTone = [31.2];
x.ShortTone = [36];

x.Gaps = [0.01      0.03      0.05      0.07      0.09];
x.TMCFreq = [1000];
x.TMC = [
44.7	 
49.2	 
65.8	 
84.2	 
74.4	 
];
x.TMC = x.TMC';

x.MaskerRatio = [0.5      0.7      0.9        1      1.1      1.3      1.6];
x.IFMCFreq = [1000];
x.IFMCs = [
62.7	 
52.4	 
47.8	 
42.6	 
49.6	 
56.7	 
61.9	 
];
x.IFMCs = x.IFMCs';
