function x = MTprofile9_41hr29_Oct_2012
%created: 9_41hr29_Oct_2012

x.BFs = [1000];

x.LongTone = [48.1];
x.ShortTone = [51.7];

x.Gaps = [0.01      0.03      0.05      0.07      0.09];
x.TMCFreq = [1000];
x.TMC = [
68.9	 
76.2	 
75.2	 
NaN	 
NaN	 
];
x.TMC = x.TMC';

x.MaskerRatio = [0.5      0.7      0.9        1      1.1      1.3      1.6];
x.IFMCFreq = [1000];
x.IFMCs = [
83.1	 
70.7	 
63.3	 
67.7	 
71.5	 
74.6	 
90.3	 
];
x.IFMCs = x.IFMCs';
