function x = MTprofile15_40hr20_Mar_2012
%created: 15_40hr20_Mar_2012

x.BFs = [250   500  1000  2000  4000  8000];

x.LongTone = [9.23      4.41      2.83      3.75      4.67      12.9];
x.ShortTone = [12.3      8.15      6.13      8.52      13.6      18.8];

x.Gaps = [0.01      0.03      0.05      0.07      0.09];
x.TMCFreq = [250   500  1000  2000  4000  8000];
x.TMC = [
31.4	23.1	32.6	37.5	40.6	35.1	 
42.7	33	46.9	57.1	52.8	37.3	 
51.2	44.2	61.4	67.6	65.7	52	 
61.1	55.7	63	83.6	78.4	63.8	 
73.3	60.4	69.1	85.9	104	72.9	 
];
x.TMC = x.TMC';

x.MaskerRatio = [0.5      0.7      0.9        1      1.1      1.3      1.6];
x.IFMCFreq = [250   500  1000  2000  4000  8000];
x.IFMCs = [
54.8	66.1	77.9	75.6	83.4	80.3	 
43.4	36.3	59.4	66.6	69.3	67.6	 
35.4	25.5	31	55.6	62.4	48.3	 
28.6	21.7	30	42	41.3	33.1	 
28	20.2	37.1	50.2	53.8	40.9	 
27.6	26.4	69.2	88.6	104	NaN	 
27.6	74.5	88.8	99.2	NaN	NaN	 
];
x.IFMCs = x.IFMCs';
