function x = MTprofile10_21hr05_Mar_2013
%created: 10_21hr05_Mar_2013

x.BFs = [1000];

x.LongTone = [4.1];
x.ShortTone = [11.1];

x.Gaps = [0.01      0.03      0.05      0.07      0.09];
x.TMCFreq = [1000];
x.TMC = [
26.2	 
32.2	 
45.6	 
56.9	 
96.4	 
];
x.TMC = x.TMC';

x.MaskerRatio = [0.5      0.7      0.9        1      1.1      1.3      1.6];
x.IFMCFreq = [1000];
x.IFMCs = [
58.3	 
55.2	 
38.3	 
25.9	 
28.4	 
56.7	 
57.1	 
];
x.IFMCs = x.IFMCs';
