function x = MTprofileOHC2_15_11hr20_May_2013
%created: 15_40hr20_May_2013

x.BFs = [250   500  1000  2000  4000  6000];

x.LongTone = [20.6      17.2      14.7      15.8      11.2      14.2];
x.ShortTone = [24.5      19.9      17.8      20.2      15.6      17.9];

x.Gaps = [0.01      0.03      0.05      0.07      0.09];
x.TMCFreq = [250   500  1000  2000  4000  6000];
x.TMC = [
45.6	40	39.5	39.1	41.2	55.3	 
52.3	50	36.8	37.1	42.5	63.7	 
59.7	53.2	48.8	46.5	54	67.5	 
61.6	50.9	50.9	41.3	55.9	68.9	 
61.4	58.5	56.6	49.3	58.9	104	 
];
x.TMC = x.TMC';

x.MaskerRatio = [0.5      0.7      0.9        1      1.1      1.3      1.6];
x.IFMCFreq = [250   500  1000  2000  4000  6000];
x.IFMCs = [
52.5	60	58.6	51.6	51.2	54	 
49	51.2	52.5	46.7	41.7	44.8	 
42.3	46.2	43.6	49.2	48	52.5	 
45.4	42	34.5	37.5	43.5	52.9	 
54.2	44.3	42.9	39.1	36.7	57.4	 
57.1	50.6	52.4	58.5	66.1	74.3	 
49.4	51.4	60.2	65.4	73.6	79.2	 
];
x.IFMCs = x.IFMCs';
