function x = MTprofileOHC3_16_10hr20_May_2013
%created: 16_38hr20_May_2013

x.BFs = [250   500  1000  2000  4000  6000];

x.LongTone = [1.07     -2.79     -4.08     -5.95      -7.1     -6.76];
x.ShortTone = [4.25   -0.0657     -2.19    -0.957     -3.46     -2.32];

x.Gaps = [0.01      0.03      0.05      0.07      0.09];
x.TMCFreq = [250   500  1000  2000  4000  6000];
x.TMC = [
19.9	14.1	13.2	27.7	20.7	15	 
26.4	21.8	29.7	43.4	36.8	24	 
39.4	33.4	34.3	54.1	33.4	24.5	 
50	51.9	44.1	NaN	NaN	47	 
NaN	NaN	82.6	NaN	NaN	61.3	 
];
x.TMC = x.TMC';

x.MaskerRatio = [0.5      0.7      0.9        1      1.1      1.3      1.6];
x.IFMCFreq = [250   500  1000  2000  4000  6000];
x.IFMCs = [
35.9	56.2	58.9	57.7	58	57.3	 
27.1	31.9	53.9	53	47.8	47.3	 
20	18.2	24.7	58.8	38.4	23.3	 
17.4	16.8	13	24.6	17.3	13.9	 
17.3	14.5	18.5	34.1	26.1	20.6	 
19.1	19.6	49.4	67.5	71.7	77.9	 
21.4	55.8	65.2	74.6	79.3	82.7	 
];
x.IFMCs = x.IFMCs';
