function x = MTprofile5_56hr01_Nov_2012
%created: 5_56hr01_Nov_2012

x.BFs = [500  2000  6000];

x.LongTone = [3.09       4.6      13.5];
x.ShortTone = [8.67      11.9      17.7];

x.Gaps = [0.01      0.03      0.05      0.07      0.09];
x.TMCFreq = [500  2000  6000];
x.TMC = [
21.3	24.5	30.4	 
25	29.9	33	 
28.9	30.2	35.5	 
42.6	44.4	58.3	 
53.9	50.1	NaN	 
];
x.TMC = x.TMC';

x.MaskerRatio = [0.5      0.7      0.9        1      1.1      1.3      1.6];
x.IFMCFreq = [500  2000  6000];
x.IFMCs = [
42.3	55.6	69.4	 
32.2	44.8	67.3	 
23.7	26.4	31.7	 
23.1	22.3	27.8	 
21.4	25.3	31.7	 
21.4	32.6	46.4	 
32	77.3	NaN	 
];
x.IFMCs = x.IFMCs';
