function x = MTprofile21_51hr04_Apr_2013
%created: 21_51hr04_Apr_2013

x.BFs = [250   500  1000  2000  4000  6000];

x.LongTone = [21.1      16.2      13.2      11.8      10.5      13.7];
x.ShortTone = [24      19.2      16.3      15.1        14      17.1];

x.Gaps = [0.01      0.03      0.05      0.07      0.09];
x.TMCFreq = [250   500  1000  2000  4000  6000];
x.TMC = [
36.1	33.6	34	30.9	32.2	33.8	 
38.3	40.6	43.3	46.9	46.9	36.1	 
53.5	53.1	54.3	50.1	63	66.3	 
66.1	64.6	99.5	61.8	67.1	65	 
67.6	NaN	NaN	NaN	78.8	90.8	 
];
x.TMC = x.TMC';

x.MaskerRatio = [0.5      0.7      0.9        1      1.1      1.3      1.6];
x.IFMCFreq = [250   500  1000  2000  4000  6000];
x.IFMCs = [
51.2	63.3	60.3	52.7	47.3	49.7	 
43.4	48.3	55.2	44.3	39.9	43.5	 
36.8	34.1	39.4	51.5	41.7	54.1	 
36.2	33.5	35.7	34.9	29.9	32.7	 
34.1	33.4	36.8	39.5	34.3	38.1	 
37.8	53	55.8	62.1	67.2	72	 
42.8	52.2	61.8	66.2	75.1	77.6	 
];
x.IFMCs = x.IFMCs';
