function x = MTprofile11_8hr04_Mar_2013
%created: 11_8hr04_Mar_2013

x.BFs = [1000];

x.LongTone = [-3.24];
x.ShortTone = [1.21];

x.Gaps = [0.01      0.03      0.05      0.07      0.09];
x.TMCFreq = [1000];
x.TMC = [
12.9	 
17.1	 
25.2	 
31.5	 
69.4	 
];
x.TMC = x.TMC';

x.MaskerRatio = [0.5      0.7      0.9        1      1.1      1.3      1.6];
x.IFMCFreq = [1000];
x.IFMCs = [
57.4	 
43.5	 
18.2	 
12.6	 
13.9	 
24.7	 
60.6	 
];
x.IFMCs = x.IFMCs';
