function x = MTprofile19_49hr28_Apr_2013
%created: 19_49hr28_Apr_2013

x.BFs = [250   500  1000  2000  4000  6000];

x.LongTone = [31.8      27.1      23.1      20.7      17.5      19.1];
x.ShortTone = [32.7      27.6      24.3      21.5      18.9      19.4];

x.Gaps = [0.01      0.03      0.05      0.07      0.09];
x.TMCFreq = [250   500  1000  2000  4000  6000];
x.TMC = [
41.1	38.9	35.7	34	30	31	 
42.5	49.9	45.1	47.6	45.1	37.3	 
60.8	65.6	53.5	93.1	NaN	73.7	 
90.3	NaN	84.4	NaN	NaN	NaN	 
NaN	NaN	NaN	NaN	NaN	NaN	 
];
x.TMC = x.TMC';

x.MaskerRatio = [0.5      0.7      0.9        1      1.1      1.3      1.6];
x.IFMCFreq = [250   500  1000  2000  4000  6000];
x.IFMCs = [
56.8	67.9	66.5	62.4	60.3	55.1	 
48.8	54.8	58.3	53.6	50.8	45.8	 
40.8	41.6	44.5	57	50.3	40	 
40.2	39.1	35.5	32.4	31	31.3	 
40	39.4	35.8	35	38	37.2	 
41.6	60	59.9	65.5	71.7	76.9	 
54.9	60.2	65.1	68.9	78.8	83.4	 
];
x.IFMCs = x.IFMCs';
