function x = MTprofile17_20hr22_Nov_2012
%created: 17_20hr22_Nov_2012

x.BFs = [1000];

x.LongTone = [65.9];
x.ShortTone = [67.2];

x.Gaps = [0.01      0.03      0.05      0.07      0.09];
x.TMCFreq = [1000];
x.TMC = [
71	 
81.2	 
69.3	 
NaN	 
82.6	 
];
x.TMC = x.TMC';

x.MaskerRatio = [0.5      0.7      0.9        1      1.1      1.3      1.6];
x.IFMCFreq = [1000];
x.IFMCs = [
91.5	 
79.5	 
69.7	 
68.3	 
73.1	 
73.8	 
91.2	 
];
x.IFMCs = x.IFMCs';
