function x = MTprofile10_19hr03_Mar_2013
%created: 10_19hr03_Mar_2013

x.BFs = [1000];

x.LongTone = [8.87];
x.ShortTone = [10.9];

x.Gaps = [0.01      0.03      0.05      0.07      0.09];
x.TMCFreq = [1000];
x.TMC = [
17	 
27.5	 
54.2	 
44.3	 
71.9	 
];
x.TMC = x.TMC';

x.MaskerRatio = [0.5      0.7      0.9        1      1.1      1.3      1.6];
x.IFMCFreq = [1000];
x.IFMCs = [
64.4	 
52.4	 
24.3	 
17.4	 
20.7	 
43.4	 
69.9	 
];
x.IFMCs = x.IFMCs';
