function x = MTprofile12_6hr23_Mar_2012
%created: 12_6hr23_Mar_2012

x.BFs = [250   500  1000  2000  4000  8000];

x.LongTone = [21.9      18.8      32.2      57.6      52.6      28.9];
x.ShortTone = [24.6      23.3      43.8      65.6      61.3      34.1];

x.Gaps = [0.01      0.03      0.05      0.07      0.09];
x.TMCFreq = [250   500  1000  2000  4000  8000];
x.TMC = [
38	42.5	63.8	78.4	69.4	45.7	 
64.5	64.9	65.1	83.8	99.6	60.4	 
70.4	65.1	69.9	86.9	NaN	87.4	 
101	78.3	76.6	NaN	NaN	92	 
103	88.1	100	NaN	NaN	NaN	 
];
x.TMC = x.TMC';

x.MaskerRatio = [0.5      0.7      0.9        1      1.1      1.3      1.6];
x.IFMCFreq = [250   500  1000  2000  4000  8000];
x.IFMCs = [
53.3	79	87.8	86.4	90.4	92.5	 
52.7	56.4	78.2	76.4	75.8	79.5	 
39.7	40	61.7	84.1	82.3	85	 
42	36.2	57.1	69.7	74.5	51.6	 
50.1	50.5	62.1	73	72.6	87.6	 
50.3	62.1	84.1	98	NaN	NaN	 
67.7	79.5	93.2	NaN	NaN	NaN	 
];
x.IFMCs = x.IFMCs';
