function x = MTprofile9_31hr13_May_2012
%created: 9_31hr13_May_2012

x.BFs = [250   500  1000  2000  4000  6000];

x.LongTone = [19.4      15.9      16.7      38.1      34.9      23.2];
x.ShortTone = [21.6      18.2      21.4      46.9      43.2      31.7];

x.Gaps = [0.01      0.03      0.05      0.07      0.09];
x.TMCFreq = [250   500  1000  2000  4000  6000];
x.TMC = [
30.2	53	17.3	-0.503	27.5	26.5	 
53.2	61	35.7	13.6	47.4	44.9	 
75.6	91.7	41.7	21	38.3	30.8	 
92.3	102	37.3	45.7	40.4	36.8	 
NaN	NaN	15.9	32.4	59.4	27.1	 
];
x.TMC = x.TMC';

x.MaskerRatio = [0.5      0.7      0.9        1      1.1      1.3      1.6];
x.IFMCFreq = [250   500  1000  2000  4000  6000];
x.IFMCs = [
53.6	74.8	68.7	59.7	61.1	68.5	 
47.8	58.9	55.9	27.7	47.8	47.3	 
34.3	52.5	34.8	33.4	40.3	33.6	 
34.4	58.9	19.1	8.87	47.5	24.5	 
30.6	63.1	33	26.2	41.6	28.8	 
39.4	67.8	44.1	29.5	59.8	95.3	 
38.2	74.4	75.6	46.2	90.9	NaN	 
];
x.IFMCs = x.IFMCs';
