function x = MTprofile15_22hr01_Apr_2013
%created: 15_22hr01_Apr_2013

x.BFs = [2];

x.LongTone = [12.1];
x.ShortTone = [31.7];

x.Gaps = [0.01      0.03      0.05      0.07      0.09];
x.TMCFreq = [2];
x.TMC = [
47	 
51.1	 
55.7	 
56.7	 
63	 
];
x.TMC = x.TMC';

x.MaskerRatio = [0.5      0.7      0.9        1      1.1      1.3      1.6];
x.IFMCFreq = [2];
x.IFMCs = [
48.1	 
46.3	 
46.8	 
46.1	 
45	 
45.7	 
49.4	 
];
x.IFMCs = x.IFMCs';
