function x = MTprofile7_7hr03_Apr_2013
%created: 7_7hr03_Apr_2013

x.BFs = [250   500  1000  2000  4000  6000];

x.LongTone = [20.9      14.2      10.3      7.05      3.68      11.6];
x.ShortTone = [24.5      19.2      14.8      14.3      13.6      17.7];

x.Gaps = [0.01      0.03      0.05      0.07      0.09];
x.TMCFreq = [250   500  1000  2000  4000  6000];
x.TMC = [
37.1	37.5	30	25.4	27.8	33.7	 
40.5	36.4	35.5	35.1	34.4	38.5	 
41.3	42.5	36.9	43.8	47.8	54.1	 
54.7	52.1	53.1	43.6	53	64.3	 
60.6	60.2	87.2	45.1	53.3	82.4	 
];
x.TMC = x.TMC';

x.MaskerRatio = [0.5      0.7      0.9        1      1.1      1.3      1.6];
x.IFMCFreq = [250   500  1000  2000  4000  6000];
x.IFMCs = [
49.4	56.1	53.8	45.5	38.6	42.2	 
41.9	46.8	47.2	40.7	34.5	38.8	 
38.2	36.1	38.2	43.6	42.6	47.2	 
36.2	34.5	34.6	29.6	28.3	31.9	 
36.4	35.9	33.1	30.7	35.1	38.9	 
55.4	47.4	47.8	53.7	59	66.7	 
41.6	46.3	53.7	56.4	65.6	69	 
];
x.IFMCs = x.IFMCs';
