function x = MTprofile11_30hr23_Mar_2012
%created: 11_30hr23_Mar_2012

x.BFs = [250   500  1000  2000  4000  8000];

x.LongTone = [18.9        16      19.3      47.4      44.4      25.9];
x.ShortTone = [21.9      20.6      27.8      56.8      49.6      30.4];

x.Gaps = [0.01      0.03      0.05      0.07      0.09];
x.TMCFreq = [250   500  1000  2000  4000  8000];
x.TMC = [
48.5	56.1	36.6	65.1	55.3	48.2	 
84.6	70.5	46.5	80.2	64.3	78	 
97.5	81.6	54.2	89.9	61.4	NaN	 
102	84.6	44.6	NaN	77.7	NaN	 
102	89.5	69	NaN	90.2	NaN	 
];
x.TMC = x.TMC';

x.MaskerRatio = [0.5      0.7      0.9        1      1.1      1.3      1.6];
x.IFMCFreq = [250   500  1000  2000  4000  8000];
x.IFMCs = [
66.2	85.6	79.9	86	84.7	93.9	 
62.1	73.3	64.5	74.7	76.2	81.1	 
57.5	57.3	36.4	82.7	75.5	91.3	 
53.3	53.6	31.3	72.4	52.1	55.8	 
50.4	58.5	33.1	61.4	66.7	92.7	 
64.6	80.8	63.2	95.7	104	NaN	 
73.8	83	89.1	NaN	NaN	NaN	 
];
x.IFMCs = x.IFMCs';
