function x = MTprofile10_55hr01_Apr_2013
%created: 10_55hr01_Apr_2013

x.BFs = [250   500  1000  2000  4000  6000];

x.LongTone = [8.86      4.73      1.39     0.164    -0.746       2.6];
x.ShortTone = [11.7      6.53      3.58       3.8      2.66      5.34];

x.Gaps = [0.01      0.03      0.05      0.07      0.09];
x.TMCFreq = [250   500  1000  2000  4000  6000];
x.TMC = [
28.6	22.1	18.2	41.6	47.4	29.2	 
43.7	37.3	31.4	68.6	68.5	51.2	 
54.1	51.4	42.8	105	95.1	78.6	 
61.5	60.2	51.4	NaN	NaN	60.6	 
88	93.1	NaN	NaN	NaN	NaN	 
];
x.TMC = x.TMC';

x.MaskerRatio = [0.5      0.7      0.9        1      1.1      1.3      1.6];
x.IFMCFreq = [250   500  1000  2000  4000  6000];
x.IFMCs = [
52.5	69.5	70.9	67.3	66.4	64.1	 
39.7	45.4	60.7	55.2	54.7	58	 
36.4	25.8	32.5	65.4	48.6	46.9	 
28.2	24.6	21.6	38.4	29	26.2	 
29.5	23.7	24.7	41.2	32.8	33	 
31.2	39.1	59.5	81.4	87	90.9	 
37.5	60.6	71.5	88.3	96.3	97.2	 
];
x.IFMCs = x.IFMCs';
