function x = MTprofile22_25hr04_Apr_2013
%created: 22_25hr04_Apr_2013

x.BFs = [250   500  1000  2000  4000  6000];

x.LongTone = [21.1      16.2      13.2      11.8      10.5      13.7];
x.ShortTone = [24      19.2      16.3      15.1        14      17.1];

x.Gaps = [0.01      0.03      0.05      0.07      0.09];
x.TMCFreq = [250   500  1000  2000  4000  6000];
x.TMC = [
35.6	31.3	30.9	28.9	31.5	30.1	 
39.4	35.6	34.1	37.1	30.3	33.1	 
45	40.3	43.3	44.8	39.9	45.3	 
50.6	46.1	62.8	49.6	63.2	56.4	 
61.4	57.8	91.2	64	70.4	66.3	 
];
x.TMC = x.TMC';

x.MaskerRatio = [0.5      0.7      0.9        1      1.1      1.3      1.6];
x.IFMCFreq = [250   500  1000  2000  4000  6000];
x.IFMCs = [
47	60.3	61.6	51.3	46.6	43.5	 
40.4	42.7	51.2	41.4	37.3	39.2	 
35.5	35.2	36.4	49.6	36.2	38	 
35.1	30.2	30.5	28.4	27.5	28.9	 
34.4	32.5	32.7	32.8	32.7	34.1	 
35.8	50.8	50.1	59.4	64.9	70.8	 
41.4	50	59	65.9	67.7	76.6	 
];
x.IFMCs = x.IFMCs';
