function x = MTprofileEt1_8_39hr25_May_2013
%created: 9_8hr25_May_2013

x.BFs = [250   500  1000  2000  4000  6000];

x.LongTone = [23.6      17.2      12.7      9.31      1.17      5.58];
x.ShortTone = [28      21.9      15.5      13.2      8.31      10.4];

x.Gaps = [0.01      0.03      0.05      0.07      0.09];
x.TMCFreq = [250   500  1000  2000  4000  6000];
x.TMC = [
46.2	44.4	40.9	43.1	32.9	31.2	 
71.7	52.1	93.7	NaN	NaN	61.2	 
NaN	76	NaN	NaN	NaN	NaN	 
NaN	NaN	NaN	NaN	NaN	NaN	 
102	NaN	NaN	NaN	NaN	NaN	 
];
x.TMC = x.TMC';

x.MaskerRatio = [0.5      0.7      0.9        1      1.1      1.3      1.6];
x.IFMCFreq = [250   500  1000  2000  4000  6000];
x.IFMCs = [
60.2	64.2	68	58.7	55.2	78	 
52.2	52.9	55.4	73.1	43.1	40.6	 
51.9	40.4	44.2	85.1	41.2	41.4	 
46.3	39.2	31	55.6	29.9	53.9	 
48.2	43.8	31.3	30.7	30.9	39.3	 
62.7	62.3	52.2	59.3	64.3	70.4	 
55.7	58.4	75.5	79.6	70.9	75.8	 
];
x.IFMCs = x.IFMCs';
