function x = MTprofile20_4hr01_Apr_2013
%created: 20_4hr01_Apr_2013

x.BFs = [250   500  1000  2000  4000  6000];

x.LongTone = [20.9      16.5      11.7      11.7      12.2        14];
x.ShortTone = [25.1      19.6      15.5      15.7      15.2      18.4];

x.Gaps = [0.01      0.03      0.05      0.07      0.09];
x.TMCFreq = [250   500  1000  2000  4000  6000];
x.TMC = [
39	31.4	31.6	32.4	34.3	34.9	 
43.4	38.3	33.1	40.7	51.9	40.9	 
48.4	48.9	39.2	50.9	83.6	52.5	 
80.6	55.6	40.8	68.6	72.7	NaN	 
98.3	78.4	75.5	NaN	NaN	NaN	 
];
x.TMC = x.TMC';

x.MaskerRatio = [0.5      0.7      0.9        1      1.1      1.3      1.6];
x.IFMCFreq = [250   500  1000  2000  4000  6000];
x.IFMCs = [
51.7	70.3	78.2	75.2	72.4	73	 
45.4	49.1	71.6	66.4	63.8	68.2	 
40.5	36.9	33.2	41.1	42.9	52.4	 
38.9	33.1	30.2	35	35.2	36.2	 
38.1	30.9	32	37.6	34.7	42.7	 
37.3	35.6	46.6	83.8	93.9	99.1	 
43.4	62.2	81.1	92.6	NaN	NaN	 
];
x.IFMCs = x.IFMCs';
