function x = MTprofile22_24hr02_Apr_2013
%created: 22_24hr02_Apr_2013

x.BFs = [250   500  1000  2000  4000  6000];

x.LongTone = [18.1      14.5      11.3      9.05      9.06      11.6];
x.ShortTone = [24.5      19.4        16      14.3      13.6      17.7];

x.Gaps = [0.01      0.03      0.05      0.07      0.09];
x.TMCFreq = [250   500  1000  2000  4000  6000];
x.TMC = [
44.9	35.1	34.4	33.5	31	34.4	 
45.3	43.6	41.1	49.7	42.9	53	 
63.1	49	41.4	52	50	62.5	 
69.9	56.4	53.2	52.6	56.3	78.3	 
74.3	57.2	56.5	67.5	62.6	92.6	 
];
x.TMC = x.TMC';

x.MaskerRatio = [0.5      0.7      0.9        1      1.1      1.3      1.6];
x.IFMCFreq = [250   500  1000  2000  4000  6000];
x.IFMCs = [
57.7	67	65.3	55	54.8	53	 
47.9	55.8	57.7	49	45.6	50.1	 
42.3	40.1	41.7	56.1	47.5	54.2	 
42.5	38.2	34.7	36	27.4	38.3	 
37.7	40.1	36.2	37.8	41	50.6	 
45.1	57.3	59.1	66.4	68.2	77.9	 
54.6	55.8	64.2	67.6	74.2	80.4	 
];
x.IFMCs = x.IFMCs';
