function x = MTprofile13_36hr03_Apr_2013
%created: 13_36hr03_Apr_2013

x.BFs = [2000];

x.LongTone = [11.3];
x.ShortTone = [15.1];

x.Gaps = [0.01      0.03      0.05      0.07      0.09];
x.TMCFreq = [2000];
x.TMC = [
33.3	 
44.6	 
53.7	 
55.3	 
72	 
];
x.TMC = x.TMC';

x.MaskerRatio = [0.5      0.7      0.9        1      1.1      1.3      1.6];
x.IFMCFreq = [2000];
x.IFMCs = [
66.6	 
59.4	 
67.5	 
34.6	 
34.6	 
74.8	 
77.6	 
];
x.IFMCs = x.IFMCs';
