function x = MTprofile7_35hr04_Apr_2013
%created: 7_35hr04_Apr_2013

x.BFs = [250   500  1000  2000  4000  6000];

x.LongTone = [21.1      16.2      11.7      12.3      11.5      15.2];
x.ShortTone = [24.7      19.2      14.8      14.8        14      17.6];

x.Gaps = [0.01      0.03      0.05      0.07      0.09];
x.TMCFreq = [250   500  1000  2000  4000  6000];
x.TMC = [
39.4	36.4	28.3	29.8	30.1	29.7	 
40.1	38	33.6	34.6	35.9	37	 
45	41	37.3	48.3	41	46.5	 
66.8	54.9	53.7	52	66.2	101	 
67.6	99.3	54	NaN	70.8	NaN	 
];
x.TMC = x.TMC';

x.MaskerRatio = [0.5      0.7      0.9        1      1.1      1.3      1.6];
x.IFMCFreq = [250   500  1000  2000  4000  6000];
x.IFMCs = [
49.4	65.5	59.6	53.7	50.5	49.3	 
43.9	45.6	52.7	45.2	47.7	47	 
39.8	36.7	35.3	53.1	38.3	44	 
36.9	34.1	30.3	29	30.7	29.8	 
38.1	34.2	28.8	31.7	32.6	41.3	 
40.1	55.2	52.9	64.6	67.2	76	 
42.3	53.5	59.9	70.8	78.2	82.1	 
];
x.IFMCs = x.IFMCs';
