function x = MTprofile13_58hr04_Sep_2012
%created: 13_58hr04_Sep_2012

x.BFs = [250];

x.LongTone = [9.4];
x.ShortTone = [11.8];

x.Gaps = [0.01      0.03      0.05      0.07      0.09];
x.TMCFreq = [250];
x.TMC = [
24.2	 
29.1	 
34.1	 
43.7	 
54.9	 
];
x.TMC = x.TMC';

x.MaskerRatio = [0.5      0.7      0.9        1      1.1      1.3      1.6];
x.IFMCFreq = [250];
x.IFMCs = [
40.5	 
34	 
27.6	 
23.7	 
22.8	 
23.7	 
27.5	 
];
x.IFMCs = x.IFMCs';
