function x = MTprofile10_5hr07_Feb_2012
%created: 10_5hr07_Feb_2012

x.BFs = [250   500  1000  2000  4000  8000];

x.LongTone = [4.21      3.08      1.51       5.1      10.1      17.1];
x.ShortTone = [7.5      6.06      4.78      6.49      14.4      20.6];

x.Gaps = [0.01      0.03      0.05      0.07      0.09];
x.TMCFreq = [250   500  1000  2000  4000  8000];
x.TMC = [
18.2	19.6	23.7	20.9	29.9	33.6	 
24.2	30	28.3	22.3	35.7	38	 
34.2	53.7	40	32.6	36.2	43.6	 
74.6	70.3	53.7	35.9	54.3	56.2	 
81.1	74.7	69.7	48.2	55.1	63.3	 
];
x.TMC = x.TMC';

x.MaskerRatio = [0.5      0.7      0.9        1      1.1      1.3      1.6];
x.IFMCFreq = [250   500  1000  2000  4000  8000];
x.IFMCs = [
22	48.2	60.3	63.1	67.1	75.2	 
21.2	34.5	39	45.5	72.8	78.3	 
18.8	22.2	23	22.4	31.3	41.3	 
17.6	20.4	20	17.6	26.8	33.4	 
17.8	20.3	19.6	16.1	29.5	32.7	 
18.9	25	35.1	35.7	55.2	64.8	 
22	46.4	78.5	81.7	91.1	94.2	 
];
x.IFMCs = x.IFMCs';
