function x = MTprofile18_48hr29_Mar_2013
%created: 18_48hr29_Mar_2013

x.BFs = [4000];

x.LongTone = [5.76];
x.ShortTone = [10.2];

x.Gaps = [0.01      0.03      0.05      0.07      0.09];
x.TMCFreq = [4000];
x.TMC = [
37.4	 
49.9	 
47.4	 
57.6	 
88	 
];
x.TMC = x.TMC';

x.MaskerRatio = [0.5      0.7      0.9        1      1.1      1.3      1.6];
x.IFMCFreq = [4000];
x.IFMCs = [
57.7	 
45.4	 
36.5	 
34.3	 
36	 
87.8	 
NaN	 
];
x.IFMCs = x.IFMCs';
