function x = MTprofile18_13hr22_Nov_2012
%created: 18_13hr22_Nov_2012

x.BFs = [1000];

x.LongTone = [66];
x.ShortTone = [67.8];

x.Gaps = [0.01      0.03      0.05      0.07      0.09];
x.TMCFreq = [1000];
x.TMC = [
67.4	 
76.5	 
75.4	 
77.5	 
83.2	 
];
x.TMC = x.TMC';

x.MaskerRatio = [0.5      0.7      0.9        1      1.1      1.3      1.6];
x.IFMCFreq = [1000];
x.IFMCs = [
92.7	 
80.2	 
71	 
71.5	 
69	 
80.5	 
87.3	 
];
x.IFMCs = x.IFMCs';
