function x = MTprofile14_45hr12_Jun_2012
%created: 14_45hr12_Jun_2012

x.BFs = [250   500  1000  2000  4000  6000];

x.LongTone = [24.6      20.7        45      66.5      62.7      59.6];
x.ShortTone = [25.3      22.6      48.6      67.6      65.5      65.5];

x.Gaps = [0.01      0.03      0.05      0.07      0.09];
x.TMCFreq = [250   500  1000  2000  4000  6000];
x.TMC = [
0.465	22.3	17.9	86	87.3	70.1	 
NaN	37.1	23.6	NaN	NaN	83.1	 
NaN	45.7	19.9	NaN	NaN	84.4	 
5.59	44.2	26.3	NaN	NaN	95.9	 
NaN	51.5	38.7	NaN	NaN	92.5	 
];
x.TMC = x.TMC';

x.MaskerRatio = [0.5      0.7      0.9        1      1.1      1.3      1.6];
x.IFMCFreq = [250   500  1000  2000  4000  6000];
x.IFMCs = [
16.7	62	62	NaN	NaN	91.6	 
NaN	36	43.3	98.4	NaN	76.1	 
6.56	25.4	16.3	93.6	84.3	70.4	 
NaN	22.9	16.5	90.1	88.9	74.4	 
-6.62	26.9	20.9	88	87.6	81.5	 
NaN	58.5	49.6	94.7	95.2	105	 
-14.9	64.3	72.9	NaN	NaN	NaN	 
];
x.IFMCs = x.IFMCs';
