function x = MTprofile10_11hr23_Nov_2012
%created: 10_11hr23_Nov_2012

x.BFs = [250   500  1000  2000  4000  6000];

x.LongTone = [17.5      14.7      16.1      23.1      23.3      23.1];
x.ShortTone = [21.4      18.2      21.6      31.8      34.6      33.7];

x.Gaps = [0.01      0.03      0.05      0.07      0.09];
x.TMCFreq = [250   500  1000  2000  4000  6000];
x.TMC = [
34.9	30.8	41.2	38.7	-4.41	72.9	 
44.1	41.3	66.6	56.5	25.3	45.9	 
59.1	69.9	66.2	64.8	22.7	55.3	 
NaN	NaN	71.1	65.6	30.3	63.8	 
NaN	NaN	NaN	96.2	53.4	76.8	 
];
x.TMC = x.TMC';

x.MaskerRatio = [0.5      0.7      0.9        1      1.1      1.3      1.6];
x.IFMCFreq = [250   500  1000  2000  4000  6000];
x.IFMCs = [
48.7	66.9	74.3	71.4	50.8	76.6	 
42.6	49.8	59.5	63.1	59.3	79.5	 
35	39	41.4	54.2	31.4	61.2	 
36.2	29.4	40.2	49	6.98	40.1	 
32.6	33.9	45.6	38.8	19.1	70.3	 
33	41.2	62.9	68.4	50.9	62.1	 
40.7	75.7	99	98.6	97.1	101	 
];
x.IFMCs = x.IFMCs';
