function x = MTprofile16_33hr30_Mar_2013
%created: 16_33hr30_Mar_2013

x.BFs = [250   500  1000  2000  4000  6000];

x.LongTone = [7.02      2.23    -0.786      -2.3     -2.33     0.324];
x.ShortTone = [10.4      5.63      2.45      1.48      1.06      3.12];

x.Gaps = [0.01      0.03      0.05      0.07      0.09];
x.TMCFreq = [250   500  1000  2000  4000  6000];
x.TMC = [
26.3	22	18	22.5	21.4	21.4	 
29.7	27.8	19.9	26	60	22.7	 
30.4	28.9	42.3	51.6	75	51.1	 
47.3	46.1	62.7	71.4	92.9	90.7	 
73.9	NaN	NaN	NaN	NaN	NaN	 
];
x.TMC = x.TMC';

x.MaskerRatio = [0.5      0.7      0.9        1      1.1      1.3      1.6];
x.IFMCFreq = [250   500  1000  2000  4000  6000];
x.IFMCs = [
38.2	55.6	66.5	61.8	65.2	60.5	 
33.4	35.6	53.7	50.6	49	46.5	 
27.4	24.2	23.6	27.8	35	29.9	 
24.8	22.5	19.5	21.5	18	21.4	 
23.7	18.2	19.2	22.7	24.7	32.5	 
25.1	24.1	34.1	60.5	73	73.7	 
28	59.3	69.6	82.4	92.9	NaN	 
];
x.IFMCs = x.IFMCs';
