function x = MTprofile19_50hr08_Jul_2012
%created: 19_50hr08_Jul_2012

x.BFs = [250   500  1000  2000  4000  6000];

x.LongTone = [2.46     -1.54     -1.08      4.78      4.97      4.81];
x.ShortTone = [4.1     0.836      1.82      8.96      8.44      9.39];

x.Gaps = [0.01      0.03      0.05      0.07      0.09];
x.TMCFreq = [250   500  1000  2000  4000  6000];
x.TMC = [
16.2	20.5	13.5	23.8	24.9	22.8	 
37.5	57.9	22.8	36.1	36.2	32.3	 
57	NaN	39	52	61.7	41.5	 
87.9	NaN	44.6	50.3	90.2	58.5	 
NaN	NaN	44.3	53.4	NaN	69.5	 
];
x.TMC = x.TMC';

x.MaskerRatio = [0.5      0.7      0.9        1      1.1      1.3      1.6];
x.IFMCFreq = [250   500  1000  2000  4000  6000];
x.IFMCs = [
26.6	45.1	46.3	59.6	65.1	62.3	 
22.8	38.1	29	50.1	51.3	48.3	 
18	29.5	18.3	59.8	44.5	37.1	 
15.3	23.6	14.3	23.4	32.3	22.4	 
16.7	20.7	15.6	25.7	28.2	26.3	 
16.5	39.2	31.8	51	60.5	67.9	 
18.5	60.4	69.7	79.5	91.9	104	 
];
x.IFMCs = x.IFMCs';
