function x = MTprofile17_12hr21_Jan_2013
%created: 17_12hr21_Jan_2013

x.BFs = [1000];

x.LongTone = [13.6];
x.ShortTone = [14.4];

x.Gaps = [0.01      0.03      0.05      0.07      0.09];
x.TMCFreq = [1000];
x.TMC = [
29.1	 
77.4	 
NaN	 
NaN	 
NaN	 
];
x.TMC = x.TMC';

x.MaskerRatio = [0.5      0.7      0.9        1      1.1      1.3      1.6];
x.IFMCFreq = [1000];
x.IFMCs = [
65.3	 
40.8	 
27.1	 
30.7	 
24.2	 
32.6	 
74.8	 
];
x.IFMCs = x.IFMCs';
