function x = MTprofile15_10hr10_Oct_2012
%created: 15_10hr10_Oct_2012

x.BFs = [250   500  1000  2000  4000  6000];

x.LongTone = [9.67      6.04      3.83      2.69    -0.214      1.79];
x.ShortTone = [12.2      8.81      6.78      4.47      1.88      4.23];

x.Gaps = [0.01      0.03      0.05      0.07      0.09];
x.TMCFreq = [250   500  1000  2000  4000  6000];
x.TMC = [
24.8	22	20.8	15.5	14.5	18	 
27.7	31.2	33.2	24.2	25.1	36	 
36	79.8	NaN	49.5	87.9	NaN	 
NaN	NaN	NaN	NaN	NaN	NaN	 
NaN	NaN	NaN	NaN	NaN	NaN	 
];
x.TMC = x.TMC';

x.MaskerRatio = [0.5      0.7      0.9        1      1.1      1.3      1.6];
x.IFMCFreq = [250   500  1000  2000  4000  6000];
x.IFMCs = [
37.9	48.3	65.4	60.8	58.2	57.4	 
31.8	35.8	44.9	49.2	42.2	42.3	 
25	25.4	25.4	24.2	24	26.9	 
22.6	21.9	21.4	17.3	15	17.9	 
22.9	20.6	21	19.8	19.4	24.8	 
22.9	25	33.3	37	44.8	53	 
26.3	37.4	72.6	78.4	89.2	99.1	 
];
x.IFMCs = x.IFMCs';
