function x = MTprofile11_46hr25_Oct_2012
%created: 11_46hr25_Oct_2012

x.BFs = [1000];

x.LongTone = [-8.14];
x.ShortTone = [-2.63];

x.Gaps = [0.01      0.03      0.05      0.07      0.09];
x.TMCFreq = [1000];
x.TMC = [
9.98	 
15.9	 
47.3	 
71.8	 
NaN	 
];
x.TMC = x.TMC';

x.MaskerRatio = [0.5      0.7      0.9        1      1.1      1.3      1.6];
x.IFMCFreq = [1000];
x.IFMCs = [
57.4	 
36.1	 
15.3	 
11.9	 
11.2	 
22	 
41.3	 
];
x.IFMCs = x.IFMCs';
