function x = MTprofile12_52hr31_Mar_2013
%created: 12_52hr31_Mar_2013

x.BFs = [250   500  1000  2000  4000  6000];

x.LongTone = [15.2      10.5      7.92      6.14      4.69      7.52];
x.ShortTone = [18.7      13.2      10.4      8.79      8.36        11];

x.Gaps = [0.01      0.03      0.05      0.07      0.09];
x.TMCFreq = [250   500  1000  2000  4000  6000];
x.TMC = [
39.8	30.9	36.1	38.9	36.9	34.3	 
53.8	42.4	40.9	48.3	62.1	34	 
73.3	49.5	57.2	65.9	71.3	55.4	 
97.7	80.5	NaN	NaN	94.1	67.2	 
NaN	NaN	NaN	98.1	NaN	NaN	 
];
x.TMC = x.TMC';

x.MaskerRatio = [0.5      0.7      0.9        1      1.1      1.3      1.6];
x.IFMCFreq = [250   500  1000  2000  4000  6000];
x.IFMCs = [
61.7	73.8	69.6	64.4	61.5	64.9	 
55	55.8	62.7	55.5	53.9	56.3	 
45.4	40.6	45.6	64.3	49.7	56.1	 
38.6	30.6	36.2	38.3	29.9	25.9	 
41.6	34.1	36.7	43.9	41.8	42.8	 
41.1	63.4	63.2	73.9	80.5	86.1	 
55.6	62.4	72.9	80.9	86.1	89.2	 
];
x.IFMCs = x.IFMCs';
