function x = MTprofile20_6hr20_Nov_2012
%created: 20_6hr20_Nov_2012

x.BFs = [250   500  1000  2000  4000  6000];

x.LongTone = [35.2        28      26.8      36.6      39.7      43.9];
x.ShortTone = [39      33.5        32      43.9      45.9        48];

x.Gaps = [0.01      0.03      0.05      0.07      0.09];
x.TMCFreq = [250   500  1000  2000  4000  6000];
x.TMC = [
50.3	54.4	50.9	59.8	67	63	 
53	58.3	57.3	85.9	85.4	93.1	 
57.9	65.8	55.4	86	NaN	NaN	 
63.8	80.9	77	NaN	NaN	NaN	 
80.5	NaN	103	NaN	NaN	NaN	 
];
x.TMC = x.TMC';

x.MaskerRatio = [0.5      0.7      0.9        1      1.1      1.3      1.6];
x.IFMCFreq = [250   500  1000  2000  4000  6000];
x.IFMCs = [
55.8	66.4	72.9	71.9	70.9	71.7	 
51	58.4	58.3	59.3	60	59.1	 
49.4	53.4	50.9	62.7	75.3	83.5	 
49.8	51.3	50.8	58.1	66.1	61.9	 
50.5	51.1	52.1	60.3	59.6	67.9	 
69.3	57.3	56.4	76.7	77.9	78.1	 
51.4	61.9	77.7	92	99.9	98.1	 
];
x.IFMCs = x.IFMCs';
