function x = MTprofile16_35hr13_Sep_2012
%created: 16_35hr13_Sep_2012

x.BFs = [1000];

x.LongTone = [24.3      27.5      48.7      43.5      51.6];
x.ShortTone = [24.3      27.5      48.7      43.5      51.6];

x.Gaps = [0.01      0.03      0.05      0.07      0.09];
x.TMCFreq = [1000];
x.TMC = [
24.3	 
27.5	 
48.7	 
43.5	 
51.6	 
];
x.TMC = x.TMC';

x.MaskerRatio = [0.01     0.03     0.05     0.07     0.09];
x.IFMCFreq = [1000];
x.IFMCs = [
24.3	 
27.5	 
48.7	 
43.5	 
51.6	 
];
x.IFMCs = x.IFMCs';
