function x = MTprofile6_36hr26_Oct_2012
%created: 6_36hr26_Oct_2012

x.BFs = [1000];

x.LongTone = [23.5];
x.ShortTone = [32.6];

x.Gaps = [0.01      0.03      0.05      0.07      0.09];
x.TMCFreq = [1000];
x.TMC = [
44.9	 
51.4	 
46	 
46.6	 
67.6	 
];
x.TMC = x.TMC';

x.MaskerRatio = [0.5      0.7      0.9        1      1.1      1.3      1.6];
x.IFMCFreq = [1000];
x.IFMCs = [
79.8	 
71.3	 
50.1	 
41.7	 
42.7	 
74.1	 
87.5	 
];
x.IFMCs = x.IFMCs';
