function x = MTprofile10_47hr04_Oct_2012
%created: 10_47hr04_Oct_2012

x.BFs = [1000];

x.LongTone = [5.44];
x.ShortTone = [7.53];

x.Gaps = [0.01      0.03      0.05      0.07      0.09];
x.TMCFreq = [1000];
x.TMC = [
21.6	 
34.3	 
NaN	 
NaN	 
NaN	 
];
x.TMC = x.TMC';

x.MaskerRatio = [0.5      0.7      0.9        1      1.1      1.3      1.6];
x.IFMCFreq = [1000];
x.IFMCs = [
66.2	 
44.8	 
25.7	 
19.8	 
21.9	 
31.3	 
72.5	 
];
x.IFMCs = x.IFMCs';
