function x = MTprofile22_48hr02_Nov_2012
%created: 22_48hr02_Nov_2012

x.BFs = [250   500  1000  2000  4000  6000];

x.LongTone = [14      10.6       9.2      14.9        18        20];
x.ShortTone = [16.4      14.2        14      19.1      20.1      22.3];

x.Gaps = [0.01      0.03      0.05      0.07      0.09];
x.TMCFreq = [250   500  1000  2000  4000  6000];
x.TMC = [
28.2	31.9	32.3	32.3	35.8	38.8	 
41	41.6	40.2	35.2	39.2	53.8	 
47.6	73	53.2	48.8	49.4	82	 
65.3	82.3	61.2	43.8	57.2	NaN	 
84.3	NaN	82.1	61.6	61	NaN	 
];
x.TMC = x.TMC';

x.MaskerRatio = [0.5      0.7      0.9        1      1.1      1.3      1.6];
x.IFMCFreq = [250   500  1000  2000  4000  6000];
x.IFMCs = [
38.8	61.9	62.9	63.1	66.8	72.3	 
34.9	42.9	50	54.2	60.5	65.9	 
29	29.4	34.3	36.5	48.2	48.3	 
28.1	31	28.8	28.9	29.7	35.3	 
30.5	28.1	28.6	31.8	34.9	38.7	 
29.1	41.2	48.5	51.6	55.4	73	 
33.1	66.6	77.6	86.9	99.4	NaN	 
];
x.IFMCs = x.IFMCs';
