function x = MTprofile10_1hr22_Dec_2011
%created: 10_1hr22_Dec_2011

x.BFs = [250   500  1000  2000  4000  8000];

x.LongTone = [8.65      5.62      5.04      6.89      13.2      18.1];
x.ShortTone = [11.1      8.43      7.29      9.97        19        23];

x.Gaps = [0.01      0.03      0.05      0.07      0.09];
x.TMCFreq = [250   500  1000  2000  4000  8000];
x.TMC = [
20.8	21.7	21.7	34	42.3	32.3	 
40.6	37.8	51.3	43.8	58.7	39	 
80.5	78.2	79.1	61.3	52.9	44.8	 
92	83.9	84.8	72.9	64.5	64.9	 
98.4	88.1	89.7	84	79	77	 
];
x.TMC = x.TMC';

x.MaskerRatio = [0.5      0.7      0.9        1      1.1      1.3      1.6];
x.IFMCFreq = [250   500  1000  2000  4000  8000];
x.IFMCs = [
50.2	69.2	73.1	71.2	74.5	74.3	 
31.3	40.7	48.2	53.1	76	55.6	 
23.4	22.8	28.4	27.2	45.8	35.1	 
22.6	21	24.5	31.4	40.4	32.8	 
20.1	21.5	22.5	27.2	34.7	33.7	 
22.5	26.3	44.1	57.8	56.3	46.8	 
32.8	81.3	85.9	91.2	97.5	74.7	 
];
x.IFMCs = x.IFMCs';
