function x = MTprofile16_48hr14_Sep_2012
%created: 16_48hr14_Sep_2012

x.BFs = [1000];

x.LongTone = [47.3];
x.ShortTone = [47.1];

x.Gaps = [0.01      0.03      0.05      0.07      0.09];
x.TMCFreq = [1000];
x.TMC = [
41.2	 
50.7	 
56	 
49.2	 
64.1	 
];
x.TMC = x.TMC';

x.MaskerRatio = [0.5      0.7      0.9        1      1.1      1.3      1.6];
x.IFMCFreq = [1000];
x.IFMCs = [
58.5	 
49.2	 
40.7	 
43.8	 
45.9	 
53.1	 
58.3	 
];
x.IFMCs = x.IFMCs';
