function x = MTprofileNormalMean14_May_2012
%created: 10_25hr13_May_2012

x.BFs = [250   500  1000  2000  4000  6000];

x.LongTone = [11	5	5	5	4	5];
x.ShortTone = [15	12	11	11	10	13];

x.Gaps = [0.01      0.03      0.05      0.07      0.09];
x.TMCFreq = [250   500  1000  2000  4000  6000];
x.TMC = [
26	24	33	38	24	32
30	31	43	62	34	47
32	49	52	65	48	51
50	71	69	69	58	54
79	90	82	76	68	75
	 ];
x.TMC = x.TMC';

x.MaskerRatio = [0.5      0.7      0.9        1      1.1      1.3      1.6];
x.IFMCFreq = [250   500  1000  2000  4000  6000];
x.IFMCs = [
39	58	68	66	67	70
33	39	58	55	51	53
28	28	40	54	44	41
28	24	37	37	32	32
26	25	35	37	29	34
25	29	62	76	83	93
30	61	78	87	92	NaN
];
x.IFMCs = x.IFMCs';
