function x = MTprofile8_58hr03_Mar_2013
%created: 8_58hr03_Mar_2013

x.BFs = [1000];

x.LongTone = [30.7];
x.ShortTone = [32.9];

x.Gaps = [0.01      0.03      0.05      0.07      0.09];
x.TMCFreq = [1000];
x.TMC = [
37.7	 
32.3	 
37.1	 
41.5	 
43.3	 
];
x.TMC = x.TMC';

x.MaskerRatio = [0.5      0.7      0.9        1      1.1      1.3      1.6];
x.IFMCFreq = [1000];
x.IFMCs = [
56.9	 
39.3	 
35.1	 
33.3	 
42.6	 
44.1	 
50.4	 
];
x.IFMCs = x.IFMCs';
