function x = MTprofile5_13hr02_Apr_2013
%created: 5_13hr02_Apr_2013

x.BFs = [250   500  1000  2000  4000  6000];

x.LongTone = [14.4      10.8      6.63      7.45      6.37      8.72];
x.ShortTone = [22.3      16.8      13.9      13.1      12.4      15.2];

x.Gaps = [0.01      0.03      0.05      0.07      0.09];
x.TMCFreq = [250   500  1000  2000  4000  6000];
x.TMC = [
34.5	30.5	26.7	25.2	25.9	32	 
38.3	31.4	32.3	30.4	30	38.7	 
41.1	35.7	31.8	34.1	45	42.5	 
42.3	42.1	37.5	52.6	44.9	45.3	 
55.4	39.4	41.4	42	55.9	60.5	 
];
x.TMC = x.TMC';

x.MaskerRatio = [0.5      0.7      0.9        1      1.1      1.3      1.6];
x.IFMCFreq = [250   500  1000  2000  4000  6000];
x.IFMCs = [
48	58.2	63.8	59.3	52.4	56.1	 
44	45.2	57.1	49.5	48.1	47.1	 
36.8	32.6	34.7	37.1	36.2	37.8	 
35.2	32.2	27.2	28.7	26.9	32	 
34.9	29.2	29	29.8	31.3	38.4	 
35.2	33.4	40.8	64.4	75.2	81.7	 
39.9	55.5	64.4	74.8	82.1	86.7	 
];
x.IFMCs = x.IFMCs';
