function x = MTprofile12_23hr23_Nov_2012
%created: 12_23hr23_Nov_2012

x.BFs = [250   500  1000  2000  4000  6000];

x.LongTone = [1.45     -2.38     -3.31      2.44      5.05       6.6];
x.ShortTone = [6.17      2.69      4.65         9      9.53      11.8];

x.Gaps = [0.01      0.03      0.05      0.07      0.09];
x.TMCFreq = [250   500  1000  2000  4000  6000];
x.TMC = [
22.6	17.6	23.4	23.4	24.2	25.8	 
25.7	26.1	30.4	36.7	33.7	42.5	 
36.6	36.2	43.5	64.2	71.1	NaN	 
41.3	58.4	57.1	80.2	NaN	NaN	 
66.8	101	NaN	NaN	NaN	NaN	 
];
x.TMC = x.TMC';

x.MaskerRatio = [0.5      0.7      0.9        1      1.1      1.3      1.6];
x.IFMCFreq = [250   500  1000  2000  4000  6000];
x.IFMCs = [
30	38.4	43.3	63.7	68.4	69.4	 
25	27.9	32.4	47.9	64.5	67.3	 
18.8	21.1	22.2	25.8	27.4	28.9	 
19.4	16.3	22.8	23.7	23.4	24.3	 
20	17.3	17	24.1	24.6	30	 
20.4	18	29.7	34.2	36.2	41.8	 
23.6	31	60.1	70.5	78.2	NaN	 
];
x.IFMCs = x.IFMCs';
