function x = MTprofile15_45hr14_Oct_2012
%created: 15_45hr14_Oct_2012

x.BFs = [250   500  1000  2000  4000  6000];

x.LongTone = [16.1      12.5      12.7      17.8      17.8      19.5];
x.ShortTone = [17.5        15      15.4      26.1      20.4      22.4];

x.Gaps = [0.01      0.03      0.05      0.07      0.09];
x.TMCFreq = [250   500  1000  2000  4000  6000];
x.TMC = [
28.8	28.2	24.2	34.5	23.5	36.3	 
34.5	48.8	28.1	34.3	28.2	42.1	 
40	66	27.6	31.4	35.5	61.9	 
58.6	NaN	38.6	37.6	49.4	56.4	 
79.9	71.2	45.4	30.5	37.5	NaN	 
];
x.TMC = x.TMC';

x.MaskerRatio = [0.5      0.7      0.9        1      1.1      1.3      1.6];
x.IFMCFreq = [250   500  1000  2000  4000  6000];
x.IFMCs = [
36.7	60.2	60.6	67	69.3	75.3	 
30.2	39.2	36.3	58.4	62.3	65.2	 
26.7	31	23.8	29.8	34	42.9	 
29	24.1	25.6	27.9	18.9	31.8	 
25.7	25	21.8	28.7	25.4	39	 
26	39.9	44.8	48.5	54.7	70.2	 
29.8	70	77.1	88.8	99.1	NaN	 
];
x.IFMCs = x.IFMCs';
