function x = MTprofile6_21hr27_Nov_2012
%created: 6_21hr27_Nov_2012

x.BFs = [1000];

x.LongTone = [16.1];
x.ShortTone = [19.7];

x.Gaps = [0.01      0.03      0.05      0.07      0.09];
x.TMCFreq = [1000];
x.TMC = [
41.9	 
48.1	 
47.7	 
53.2	 
NaN	 
];
x.TMC = x.TMC';

x.MaskerRatio = [0.5      0.7      0.9        1      1.1      1.3      1.6];
x.IFMCFreq = [1000];
x.IFMCs = [
73.1	 
51.9	 
42.7	 
34.6	 
42.6	 
64.2	 
84.6	 
];
x.IFMCs = x.IFMCs';
