function x = MTprofile10_54hr06_Apr_2013
%created: 10_54hr06_Apr_2013

x.BFs = [2000];

x.LongTone = [41.7];
x.ShortTone = [42.5];

x.Gaps = [0.01      0.03      0.05      0.07      0.09];
x.TMCFreq = [2000];
x.TMC = [
54.3	 
58.7	 
79	 
80.8	 
77.4	 
];
x.TMC = x.TMC';

x.MaskerRatio = [0.5      0.7      0.9        1      1.1      1.3      1.6];
x.IFMCFreq = [2000];
x.IFMCs = [
56.5	 
47.9	 
54.9	 
57.7	 
59.7	 
68.4	 
75.9	 
];
x.IFMCs = x.IFMCs';
