function x = MTprofile15_55hr14_Sep_2012
%created: 15_55hr14_Sep_2012

x.BFs = [1000];

x.LongTone = [14.7];
x.ShortTone = [14.9];

x.Gaps = [0.01      0.03      0.05      0.07      0.09];
x.TMCFreq = [1000];
x.TMC = [
6.06	 
11.7	 
9.27	 
10.3	 
15.7	 
];
x.TMC = x.TMC';

x.MaskerRatio = [0.5      0.7      0.9        1      1.1      1.3      1.6];
x.IFMCFreq = [1000];
x.IFMCs = [
52.9	 
31	 
13.7	 
7.74	 
5.85	 
15	 
36.3	 
];
x.IFMCs = x.IFMCs';
