function x = MTprofile21_41hr16_Sep_2012
%created: 21_41hr16_Sep_2012

x.BFs = [250   500  1000  2000  4000  6000];

x.LongTone = [58      49.7      46.5        53      59.3      64.3];
x.ShortTone = [57.8      49.7      46.7      52.7      58.9      63.9];

x.Gaps = [0.01      0.03      0.05      0.07      0.09];
x.TMCFreq = [250   500  1000  2000  4000  6000];
x.TMC = [
61	54	45.3	52.8	57.3	64.4	 
NaN	61.8	49.7	50.6	55.4	66.9	 
68.5	53.4	48.9	51.9	56	66.3	 
68.5	54.9	47.8	56.1	55	67.6	 
62.7	53.5	48.5	50.5	57.7	65.7	 
];
x.TMC = x.TMC';

x.MaskerRatio = [0.5      0.7      0.9        1      1.1      1.3      1.6];
x.IFMCFreq = [250   500  1000  2000  4000  6000];
x.IFMCs = [
73	68.9	63	60.7	56.9	57.9	 
67.4	61.9	52.1	46.4	37.6	42.3	 
63.2	54.2	45.4	46.6	48.7	56.8	 
61.8	52.8	48.2	51.4	58.6	66.2	 
60.1	52.5	48.6	55.3	61.9	69.7	 
55.4	49.4	54.7	64.1	70.5	79.1	 
52.9	55	63.5	69.9	79.1	90.4	 
];
x.IFMCs = x.IFMCs';
