function x = MTprofile8_10hr13_Oct_2012
%created: 8_10hr13_Oct_2012

x.BFs = [250   500  1000  2000  4000  6000];

x.LongTone = [8.96      5.98      3.79      7.38      10.3      13.2];
x.ShortTone = [13.2      9.26      9.32      13.2      15.4        18];

x.Gaps = [0.01      0.03      0.05      0.07      0.09];
x.TMCFreq = [250   500  1000  2000  4000  6000];
x.TMC = [
21.1	19.3	21.8	23.3	25.2	28.3	 
23.7	22.3	23.7	27.5	26.5	30.1	 
28.4	24.2	23	27.5	30.2	32.4	 
27.8	24.9	31.2	30.6	37.7	42	 
29.8	29.9	35.9	32	37.6	43.4	 
];
x.TMC = x.TMC';

x.MaskerRatio = [0.5      0.7      0.9        1      1.1      1.3      1.6];
x.IFMCFreq = [250   500  1000  2000  4000  6000];
x.IFMCs = [
34.1	42.8	49.2	61.5	69	67.3	 
27.9	30.4	33.7	53.4	61.9	61.4	 
25.1	21.2	22.6	25.6	28.9	31.6	 
23.6	19.1	19.7	22.8	26	28.8	 
20.5	17.8	21	23.1	27.2	31.1	 
22.3	20	28.6	33.4	41.8	46.3	 
24.8	32.5	56	86.6	87.5	68.9	 
];
x.IFMCs = x.IFMCs';
