function x = MTprofile18_55hr22_Nov_2012
%created: 18_55hr22_Nov_2012

x.BFs = [250   500  1000  2000  4000  6000];

x.LongTone = [68.8      64.2      66.2      69.6      73.1      76.3];
x.ShortTone = [67.2      65.3      67.2      71.5      75.9      79.4];

x.Gaps = [0.01      0.03      0.05      0.07      0.09];
x.TMCFreq = [250   500  1000  2000  4000  6000];
x.TMC = [
41.3	71.9	70.9	67.1	61.1	64.4	 
46.6	90.8	85.8	77.4	67.7	69.2	 
19.1	86.3	84.4	71.9	62.9	68.6	 
44.6	NaN	NaN	71.1	67	73	 
48.3	NaN	94.3	73.9	70.2	68.6	 
];
x.TMC = x.TMC';

x.MaskerRatio = [0.5      0.7      0.9        1      1.1      1.3      1.6];
x.IFMCFreq = [250   500  1000  2000  4000  6000];
x.IFMCs = [
44.1	85.9	91.2	93.1	100	NaN	 
49.7	77	82	84	86.6	88	 
44.9	76.2	70.4	71.2	68.3	71.8	 
40	70.2	71.3	70.4	63	67	 
41.8	73.6	72.7	66.5	67.5	71.6	 
40.7	71.2	76.8	79.7	82.3	89.1	 
41.1	78.3	87.8	94.9	95.6	NaN	 
];
x.IFMCs = x.IFMCs';
