function x = MTprofile15_38hr01_Apr_2013
%created: 15_38hr01_Apr_2013

x.BFs = [2000];

x.LongTone = [-9.08];
x.ShortTone = [-6.75];

x.Gaps = [0.01      0.03      0.05      0.07      0.09];
x.TMCFreq = [2000];
x.TMC = [
4.59	 
10.7	 
14	 
19.2	 
21.5	 
];
x.TMC = x.TMC';

x.MaskerRatio = [0.5      0.7      0.9        1      1.1      1.3      1.6];
x.IFMCFreq = [2000];
x.IFMCs = [
52.1	 
38.7	 
11.9	 
6.82	 
10.2	 
28.2	 
55.9	 
];
x.IFMCs = x.IFMCs';
