function x = MTprofile10_16hr03_Mar_2013
%created: 10_16hr03_Mar_2013

x.BFs = [1000];

x.LongTone = [1.59];
x.ShortTone = [5.04];

x.Gaps = [0.01      0.03      0.05      0.07      0.09];
x.TMCFreq = [1000];
x.TMC = [
18.8	 
24.2	 
34.8	 
NaN	 
NaN	 
];
x.TMC = x.TMC';

x.MaskerRatio = [0.5      0.7      0.9        1      1.1      1.3      1.6];
x.IFMCFreq = [1000];
x.IFMCs = [
64	 
49.1	 
22.2	 
18.3	 
17.5	 
40.3	 
63.9	 
];
x.IFMCs = x.IFMCs';
