function x = MTprofile11_34hr10_Oct_2012
%created: 11_34hr10_Oct_2012

x.BFs = [250   500  1000  2000  4000  6000];

x.LongTone = [10.1      5.83      3.93         2     -1.05      1.63];
x.ShortTone = [12.5      9.42      6.71      4.55      2.18      4.67];

x.Gaps = [0.01      0.03      0.05      0.07      0.09];
x.TMCFreq = [250   500  1000  2000  4000  6000];
x.TMC = [
24.3	21.5	19.8	15.6	14.1	18.4	 
29.7	28.2	27.5	21	21.5	24.8	 
37.4	72.6	91	29.7	60.6	NaN	 
NaN	NaN	NaN	NaN	NaN	NaN	 
NaN	NaN	NaN	NaN	NaN	NaN	 
];
x.TMC = x.TMC';

x.MaskerRatio = [0.5      0.7      0.9        1      1.1      1.3      1.6];
x.IFMCFreq = [250   500  1000  2000  4000  6000];
x.IFMCs = [
37.7	49.8	63.7	61	57.7	57.1	 
30.9	36.6	44.2	48.1	42.4	42.2	 
25.9	24.8	23.2	23.4	23.1	27.6	 
24	20.3	20.5	16.3	14.9	19.4	 
23.5	22	19.8	18.1	19	25.1	 
23.9	25.8	29.8	36.7	44.5	53.4	 
26.9	37.5	71.4	78.6	88.6	97.7	 
];
x.IFMCs = x.IFMCs';
