function x = MTprofileOHC1_15_11hr20_May_2013
%created: 15_39hr20_May_2013

x.BFs = [250   500  1000  2000  4000  6000];

x.LongTone = [34.5      25.1        22      25.8      20.6      14.1];
x.ShortTone = [47        32      27.3      36.2      37.5      30.1];

x.Gaps = [0.01      0.03      0.05      0.07      0.09];
x.TMCFreq = [250   500  1000  2000  4000  6000];
x.TMC = [
76	52	42.8	59.4	52.6	52.8	 
NaN	65.2	49.5	63	55.1	51.3	 
NaN	61.2	54.9	84.2	55.3	46.6	 
NaN	62.7	57.3	NaN	58.8	56.3	 
NaN	94.2	62.2	NaN	62.4	56.2	 
];
x.TMC = x.TMC';

x.MaskerRatio = [0.5      0.7      0.9        1      1.1      1.3      1.6];
x.IFMCFreq = [250   500  1000  2000  4000  6000];
x.IFMCs = [
85.2	68	60.6	65.2	55.7	45.6	 
84.5	57.9	50.3	55.6	46.4	39.6	 
73.4	53.3	47.5	55.4	50.9	47	 
84.7	52.6	45.1	56.5	55.7	53.6	 
74.2	51.9	50.5	61.1	53.2	44.8	 
71.6	51.2	55.4	71.9	67.7	65.6	 
88.2	55.6	64.2	77.6	74.7	77	 
];
x.IFMCs = x.IFMCs';
