function x = MTprofile19_7hr03_Nov_2012
%created: 19_7hr03_Nov_2012

x.BFs = [250   500  1000  2000  4000  6000];

x.LongTone = [22.8      19.2      20.4      35.1      41.8      36.3];
x.ShortTone = [24.5      22.4      29.1      43.7      53.8      47.6];

x.Gaps = [0.01      0.03      0.05      0.07      0.09];
x.TMCFreq = [250   500  1000  2000  4000  6000];
x.TMC = [
38.9	41.5	47.2	48.3	42	40.5	 
43	49.4	50	53.3	59.2	59.1	 
53.6	55.2	52.9	59.2	50.2	41	 
62	59.7	57.6	53.4	48.2	40.4	 
62.6	66.2	55.6	67.5	41.3	52.1	 
];
x.TMC = x.TMC';

x.MaskerRatio = [0.5      0.7      0.9        1      1.1      1.3      1.6];
x.IFMCFreq = [250   500  1000  2000  4000  6000];
x.IFMCs = [
52.8	68.4	69.7	68.8	72.4	65.6	 
45.2	52.9	58.9	58	60.8	64.5	 
44.9	39.1	46	59	67.6	43.5	 
37.1	38	43.4	40.7	39.4	44	 
38.9	43	46.3	52.9	33	47.8	 
41.1	56.7	59.5	66.3	73.4	49.1	 
64.9	69.9	83.9	93.9	94.8	102	 
];
x.IFMCs = x.IFMCs';
