function x = MTprofile8_5hr05_Apr_2013
%created: 8_5hr05_Apr_2013

x.BFs = [250   500  1000  2000  4000  6000];

x.LongTone = [21.1      16.2      13.2      11.8      10.5      13.7];
x.ShortTone = [24      19.2      16.3      15.1        14      17.1];

x.Gaps = [0.01      0.03      0.05      0.07      0.09];
x.TMCFreq = [250   500  1000  2000  4000  6000];
x.TMC = [
36.3	34.7	37.9	47.4	48	33.5	 
47.5	48	50.5	48.9	48.9	61.1	 
62.2	50.3	NaN	68.6	63.4	78	 
75.8	99.6	NaN	65.5	75.6	105	 
NaN	NaN	NaN	NaN	101	NaN	 
];
x.TMC = x.TMC';

x.MaskerRatio = [0.5      0.7      0.9        1      1.1      1.3      1.6];
x.IFMCFreq = [250   500  1000  2000  4000  6000];
x.IFMCs = [
52.8	64.6	61	52.4	53.8	51.8	 
47.8	52.6	55.9	48.1	46.5	48.2	 
37.6	37.6	43.3	53.4	45.3	52.2	 
37.9	38.6	36.9	33.5	34.1	33.5	 
43.2	36.5	35.7	45.1	33.1	41.6	 
39.3	53.6	56.4	64.6	69.5	73.7	 
50.6	52.9	65.4	72.1	73.5	81.1	 
];
x.IFMCs = x.IFMCs';
