function x = MTprofile9_21hr05_Mar_2013
%created: 9_21hr05_Mar_2013

x.BFs = [250   500  1000  2000  4000  6000];

x.LongTone = [13.9      7.87      6.33         4      3.05      5.92];
x.ShortTone = [17.5        15      9.82       8.5      7.46      12.2];

x.Gaps = [0.01      0.03      0.05      0.07      0.09];
x.TMCFreq = [250   500  1000  2000  4000  6000];
x.TMC = [
25.8	34.8	21	20.9	18.8	29.9	 
28.8	40.9	35.2	30.1	22.1	33.2	 
39.4	54	30.9	33.6	29.9	59.7	 
45.1	67.2	43.2	54	53.9	56.6	 
45.8	69	53.9	46.8	75.2	102	 
];
x.TMC = x.TMC';

x.MaskerRatio = [0.5      0.7      0.9        1      1.1      1.3      1.6];
x.IFMCFreq = [250   500  1000  2000  4000  6000];
x.IFMCs = [
51.5	68.4	65.5	64.9	60.8	61.3	 
38.6	54.3	57	49.6	47	50.4	 
31.2	38	33.3	55.8	32.2	47	 
27	30.9	21.2	17.3	21.1	33.1	 
26.7	32.7	24.4	26.1	32.5	47	 
29.1	59.2	52.3	65.9	79	89.7	 
41.6	57.5	67.3	78.3	88.9	101	 
];
x.IFMCs = x.IFMCs';
