function x = MTprofile16_7hr02_Nov_2012
%created: 16_7hr02_Nov_2012

x.BFs = [1000];

x.LongTone = [42.2];
x.ShortTone = [46];

x.Gaps = [0.01      0.03      0.05      0.07      0.09];
x.TMCFreq = [1000];
x.TMC = [
62.9	 
72	 
102	 
NaN	 
NaN	 
];
x.TMC = x.TMC';

x.MaskerRatio = [0.5      0.7      0.9        1      1.1      1.3      1.6];
x.IFMCFreq = [1000];
x.IFMCs = [
83.1	 
76	 
64.4	 
65.3	 
58.7	 
70.8	 
82.8	 
];
x.IFMCs = x.IFMCs';
