function x = MTprofile7_35hr01_Nov_2012
%created: 7_35hr01_Nov_2012

x.BFs = [250   500  1000  2000  4000  6000];

x.LongTone = [23.2      20.3      22.8      42.9      49.3      51.4];
x.ShortTone = [25.9        23      31.4      51.7      63.4      82.3];

x.Gaps = [0.01      0.03      0.05      0.07      0.09];
x.TMCFreq = [250   500  1000  2000  4000  6000];
x.TMC = [
41	42.8	52.2	64.7	57.7	NaN	 
53.1	42.8	57.9	66.9	NaN	NaN	 
61.7	58.7	65.6	75.1	72.4	NaN	 
81.8	58.4	56.8	61	44.5	NaN	 
76.7	65.4	73.2	74	52.6	NaN	 
];
x.TMC = x.TMC';

x.MaskerRatio = [0.5      0.7      0.9        1      1.1      1.3      1.6];
x.IFMCFreq = [250   500  1000  2000  4000  6000];
x.IFMCs = [
54.5	68.6	70.1	70.2	75.2	93.8	 
46.3	50.2	58.6	65.5	45.2	NaN	 
38.9	45	48.4	66.5	61.4	NaN	 
38.3	44.1	50.6	69.6	58.7	NaN	 
39	33.1	54.8	61.9	61.4	102	 
43.5	51.7	66.8	78.5	66.4	NaN	 
64.9	69.1	82.2	NaN	70.3	NaN	 
];
x.IFMCs = x.IFMCs';
