function x = MTprofile13_22hr08_Jul_2012
%created: 13_22hr08_Jul_2012

x.BFs = [250   500  1000  2000  4000  6000];

x.LongTone = [-6.38     -9.88     -11.2     -11.1     -11.9     -10.4];
x.ShortTone = [-1.94      -5.2     -4.63     -3.76     -4.54      -2.1];

x.Gaps = [0.01      0.03      0.05      0.07      0.09];
x.TMCFreq = [250   500  1000  2000  4000  6000];
x.TMC = [
8.33	8.32	14	10.1	16.1	15.6	 
10.6	12.3	24.5	17.9	16	18.8	 
13.1	17.4	36.2	19.4	20.3	20.8	 
18.3	38.6	49.9	27.1	27.7	16.4	 
34.9	40.3	83.7	44.4	27.9	29.4	 
];
x.TMC = x.TMC';

x.MaskerRatio = [0.5      0.7      0.9        1      1.1      1.3      1.6];
x.IFMCFreq = [250   500  1000  2000  4000  6000];
x.IFMCs = [
21.9	34.6	52.6	51.8	54.4	55.3	 
14.2	21.3	34.3	43.4	42	39.1	 
12.3	12	17.5	23.6	18.3	24.2	 
10.4	5.86	10.5	14.4	19.1	18.1	 
7.62	7.06	19.1	17.1	20.4	20.3	 
9.06	10.7	29.5	36.7	46.5	50.4	 
12.9	26.6	66.7	75.1	85.5	98.5	 
];
x.IFMCs = x.IFMCs';
