function x = MTprofile15_51hr23_Mar_2013
%created: 15_51hr23_Mar_2013

x.BFs = [250   500  1000  2000  4000  6000];

x.LongTone = [15.1      5.11    -0.641      5.28      4.51       7.4];
x.ShortTone = [19.3      8.92      4.01      9.03       8.8      10.9];

x.Gaps = [0.01      0.03      0.05      0.07      0.09];
x.TMCFreq = [250   500  1000  2000  4000  6000];
x.TMC = [
35.3	61	72	31.9	27.7	28.3	 
43.8	NaN	NaN	39.3	32.9	35.6	 
49.7	NaN	NaN	67.1	45.8	44.4	 
50.1	NaN	NaN	NaN	88.6	62.3	 
83.7	NaN	NaN	NaN	NaN	NaN	 
];
x.TMC = x.TMC';

x.MaskerRatio = [0.5      0.7      0.9        1      1.1      1.3      1.6];
x.IFMCFreq = [250   500  1000  2000  4000  6000];
x.IFMCs = [
41.3	60.3	71.5	37.7	34.7	35.2	 
37.7	48.2	59.9	24.9	22.5	23.5	 
36.4	39.7	64.2	32.5	30.2	35.9	 
34.8	43.1	67.2	28.7	29.5	30.2	 
38.7	42.7	88.3	31.5	31.6	35.1	 
40.4	51.7	NaN	46.6	58.4	65.5	 
27.8	57.2	NaN	58.9	66.2	77	 
];
x.IFMCs = x.IFMCs';
