function x = MTprofile12_18hr31_Mar_2013
%created: 12_18hr31_Mar_2013

x.BFs = [250   500  1000  2000  4000  6000];

x.LongTone = [6.89      2.39     -1.29     -2.26     -3.01    -0.177];
x.ShortTone = [10.3      6.53      1.41      1.77     0.735      3.99];

x.Gaps = [0.01      0.03      0.05      0.07      0.09];
x.TMCFreq = [250   500  1000  2000  4000  6000];
x.TMC = [
25.8	22.9	18	22.8	22.1	25	 
29.8	40	20.9	29.5	39.6	46.8	 
39.5	68.1	29	64	45.4	57.5	 
70.2	NaN	56.8	NaN	92.6	NaN	 
NaN	NaN	63.5	NaN	NaN	NaN	 
];
x.TMC = x.TMC';

x.MaskerRatio = [0.5      0.7      0.9        1      1.1      1.3      1.6];
x.IFMCFreq = [250   500  1000  2000  4000  6000];
x.IFMCs = [
39.3	62.7	62.1	56.8	56.2	56.3	 
33	39.4	54.6	49.1	48.7	53.1	 
27.6	27.6	20.6	31.4	33.1	37.5	 
27.9	22.6	15.7	23.4	17.7	24.5	 
24	24.3	17.7	23.3	32.9	29	 
23.2	29.7	34	69.3	74	82.1	 
29.4	57.8	64.5	80.3	81.1	83.2	 
];
x.IFMCs = x.IFMCs';
