function x = MTprofileprojName
%created: 16_40hr16_May_2013

x.BFs = [250   500  1000  2000  4000  6000];

x.LongTone = [20.6      15.5      14.9      14.1      12.2      13.5];
x.ShortTone = [24.7      20.8      18.7        18      16.7        19];

x.Gaps = [0.01      0.03      0.05      0.07      0.09];
x.TMCFreq = [250   500  1000  2000  4000  6000];
x.TMC = [
39.6	38.2	37	34.1	36	37	 
44	41.8	49.8	47.1	46.7	48.3	 
59.9	60	70.3	53.5	57.2	71.5	 
74.2	77.5	NaN	70.9	73.3	83.4	 
NaN	NaN	NaN	74.1	87.9	NaN	 
];
x.TMC = x.TMC';

x.MaskerRatio = [0.5      0.7      0.9        1      1.1      1.3      1.6];
x.IFMCFreq = [250   500  1000  2000  4000  6000];
x.IFMCs = [
50.8	66.5	62.8	59.3	58.7	55.2	 
46.2	50.4	56.7	50.9	48.7	46.4	 
39.8	41.8	46.5	56.8	44.5	48.2	 
37.4	38.1	40.3	37	33.3	36	 
38.1	37.3	42.2	37	40	43.9	 
37.9	58.4	61.3	63.2	70.9	79.4	 
47.4	58.2	66.3	70.3	77.7	83.8	 
];
x.IFMCs = x.IFMCs';
