function x = MTprofile18_43hr25_Oct_2012
%created: 18_43hr25_Oct_2012

x.BFs = [1000];

x.LongTone = [11];
x.ShortTone = [16.2];

x.Gaps = [0.01      0.03      0.05      0.07      0.09];
x.TMCFreq = [1000];
x.TMC = [
25.9	 
32.3	 
36.5	 
53.1	 
97	 
];
x.TMC = x.TMC';

x.MaskerRatio = [0.5      0.7      0.9        1      1.1      1.3      1.6];
x.IFMCFreq = [1000];
x.IFMCs = [
76.6	 
66.2	 
32.1	 
28.5	 
31.3	 
61.6	 
83.5	 
];
x.IFMCs = x.IFMCs';
