function x = MTprofile12_7hr10_Mar_2012
%created: 12_7hr10_Mar_2012

x.BFs = [250   500  1000  2000  4000  8000];

x.LongTone = [-5.3     -7.48     -6.17     -5.18     0.341       7.5];
x.ShortTone = [1.2     -1.77     -2.03      3.01      11.4      14.6];

x.Gaps = [0.01      0.03      0.05      0.07      0.09];
x.TMCFreq = [250   500  1000  2000  4000  8000];
x.TMC = [
13.9	10.1	21.2	21.7	45.2	32.5	 
23.1	14.4	27.7	70.7	53.2	58.6	 
40.1	24.4	56.5	58.5	68.3	53.2	 
89.7	66	68.1	88.9	68.3	61.1	 
NaN	71.4	75.3	84.3	77.6	55.9	 
];
x.TMC = x.TMC';

x.MaskerRatio = [0.5      0.7      0.9        1      1.1      1.3      1.6];
x.IFMCFreq = [250   500  1000  2000  4000  8000];
x.IFMCs = [
21.2	36.4	57.9	61.3	67	71.2	 
18.8	18.6	36.7	57.5	70.3	80.1	 
13.9	12.3	17.9	31	43.4	33.7	 
15.6	11	15.4	24.2	38.9	36.4	 
13.8	8.73	21.1	44.4	52	31.2	 
22.2	15.9	32.1	49.4	63.6	56.6	 
19.6	29.7	76.1	83	87.9	89.2	 
];
x.IFMCs = x.IFMCs';
