function x = MTprofile6_57hr04_Apr_2013
%created: 6_57hr04_Apr_2013

x.BFs = [250   500  1000  2000  4000  6000];

x.LongTone = [21.9      16.3      12.9      10.4      11.9      13.7];
x.ShortTone = [24.1      19.3        16      14.7      14.5      18.1];

x.Gaps = [0.01      0.03      0.05      0.07      0.09];
x.TMCFreq = [250   500  1000  2000  4000  6000];
x.TMC = [
39.2	36.7	37.1	38	43.3	55.3	 
56.1	54.2	66.3	53.1	70.1	97.3	 
79.7	NaN	NaN	94.2	NaN	NaN	 
NaN	NaN	NaN	NaN	NaN	NaN	 
NaN	NaN	NaN	NaN	NaN	NaN	 
];
x.TMC = x.TMC';

x.MaskerRatio = [0.5      0.7      0.9        1      1.1      1.3      1.6];
x.IFMCFreq = [250   500  1000  2000  4000  6000];
x.IFMCs = [
54.2	65.8	62.8	55.5	55.4	56.7	 
45.1	52.3	57.6	49.5	48.2	53.8	 
42	39.6	43.6	55	51.1	59.7	 
39.9	37.2	37.8	35.1	38.6	53.1	 
39.2	36.1	37	37.8	42.6	45.2	 
37.6	56.6	59	66.1	73.2	80.8	 
43.3	55.5	64.8	75.2	81	83.9	 
];
x.IFMCs = x.IFMCs';
