function x = MTprofile22_32hr27_Feb_2013
%created: 22_32hr27_Feb_2013

x.BFs = [250   500  1000  2000  4000  6000];

x.LongTone = [7.49      2.38     0.143    -0.488      -1.7     0.524];
x.ShortTone = [10.6      7.04      4.94      4.67      2.22      2.05];

x.Gaps = [0.01      0.03      0.05      0.07      0.09];
x.TMCFreq = [250   500  1000  2000  4000  6000];
x.TMC = [
20.5	20.7	16.4	18.3	14	13.2	 
25.8	22	20	19.8	17.5	14.4	 
29.6	29.6	33.2	28.8	21.9	17.1	 
42	42.6	43.5	37.8	56.4	23	 
74.6	NaN	58.6	51.3	56.7	22.4	 
];
x.TMC = x.TMC';

x.MaskerRatio = [0.5      0.7      0.9        1      1.1      1.3      1.6];
x.IFMCFreq = [250   500  1000  2000  4000  6000];
x.IFMCs = [
36	47.4	61.7	58.9	57.3	52.5	 
29.9	32.4	44.9	46.6	41.1	37.3	 
22.2	21.5	21.3	26	21.8	22.4	 
21.1	19.6	17	15.2	13.2	12.6	 
20.8	17.3	20	22	20.4	20.1	 
22.3	24.4	29.7	38.3	48	47.6	 
24.6	56.2	66.4	74	84.2	93	 
];
x.IFMCs = x.IFMCs';
