function x = MTprofile13_33hr23_Nov_2012
%created: 13_33hr23_Nov_2012

x.BFs = [250   500  1000  2000  4000  6000];

x.LongTone = [20.4      17.8      19.2      32.5      42.3        30];
x.ShortTone = [23.5      20.2      28.4      46.9        74      65.1];

x.Gaps = [0.01      0.03      0.05      0.07      0.09];
x.TMCFreq = [250   500  1000  2000  4000  6000];
x.TMC = [
35.4	35.7	49.5	49.4	NaN	-1.45	 
39.9	39.1	55.1	70.4	NaN	NaN	 
70.6	56.2	63.3	68	NaN	-20.1	 
NaN	71.9	NaN	69	NaN	-13.5	 
95.5	84.3	NaN	61.9	NaN	11.6	 
];
x.TMC = x.TMC';

x.MaskerRatio = [0.5      0.7      0.9        1      1.1      1.3      1.6];
x.IFMCFreq = [250   500  1000  2000  4000  6000];
x.IFMCs = [
55.2	68.3	79.4	72.6	NaN	43.8	 
47.4	55	61.8	66.8	NaN	12.9	 
39.6	37.2	54.1	52.9	NaN	11.4	 
39.2	37	46.6	57.4	NaN	NaN	 
35.4	31.6	58.2	51.5	NaN	NaN	 
41	43.9	69.5	82.2	NaN	NaN	 
45	78.3	103	91.7	NaN	14.4	 
];
x.IFMCs = x.IFMCs';
