function x = MTprofile21_51hr30_Mar_2013
%created: 21_51hr30_Mar_2013

x.BFs = [250   500  1000  2000  4000  6000];

x.LongTone = [6.78      2.27    -0.529     -1.47     -4.55    -0.612];
x.ShortTone = [9.37      6.02      2.26      1.38     0.651      3.47];

x.Gaps = [0.01      0.03      0.05      0.07      0.09];
x.TMCFreq = [250   500  1000  2000  4000  6000];
x.TMC = [
20.5	22.8	18.5	19.4	19	20.8	 
29.4	27.5	25.5	25.8	36.3	29.7	 
32.6	43.9	29.6	48	55.1	39.2	 
39.7	96.9	77.5	43.2	60.3	NaN	 
42.4	NaN	NaN	NaN	NaN	NaN	 
];
x.TMC = x.TMC';

x.MaskerRatio = [0.5      0.7      0.9        1      1.1      1.3      1.6];
x.IFMCFreq = [250   500  1000  2000  4000  6000];
x.IFMCs = [
35.2	52.2	64.7	58.2	52.6	53.5	 
29.1	37	45.5	50.7	44	52.1	 
26	25.4	22.9	28	29.6	32.1	 
22.5	22.8	18.5	20.6	18.7	20	 
22.6	22.3	17.1	22.7	25.7	26.3	 
22.8	25.8	30.7	43.4	52	60.6	 
26.5	38.6	52.2	75.8	86.2	87.4	 
];
x.IFMCs = x.IFMCs';
