function x = MTprofile14_48hr15_May_2012
%created: 14_48hr15_May_2012

x.BFs = [250   500  1000  2000  4000  6000];

x.LongTone = [13.6      9.87      8.64      9.55      9.14      10.1];
x.ShortTone = [16.4      12.8      12.4      13.5      13.9      16.8];

x.Gaps = [0.01      0.03      0.05      0.07      0.09];
x.TMCFreq = [250   500  1000  2000  4000  6000];
x.TMC = [
26.5	27.4	36.5	34.2	30.7	31.5	 
36.8	32.9	59	41.9	40.2	46.8	 
49.2	51.2	67.9	43.2	35.7	63.8	 
66.7	89.3	68.5	61.1	57.3	67.4	 
NaN	98.7	76.9	32.4	60.6	68.4	 
];
x.TMC = x.TMC';

x.MaskerRatio = [0.5      0.7      0.9        1      1.1      1.3      1.6];
x.IFMCFreq = [250   500  1000  2000  4000  6000];
x.IFMCs = [
42.8	62.3	68.8	66.4	70.5	73.1	 
34.1	43.4	59.3	53.1	52.1	57.2	 
29.4	29.1	36.2	49.1	48.9	45.3	 
27.9	25.6	38.7	28.4	37.3	35.3	 
25.3	24.9	42.1	32.1	36.4	50.5	 
26.4	36.7	67.7	69.5	86.7	94.7	 
32.2	63.6	81.9	83.1	93.9	NaN	 
];
x.IFMCs = x.IFMCs';
