function x = MTprofile19_16hr13_May_2012
%created: 19_16hr13_May_2012

x.BFs = [250   500  1000  2000  4000  6000];

x.LongTone = [44.6      34.8      31.4      38.3      36.6      38.9];
x.ShortTone = [49.3      40.4      37.3      44.8      43.5      44.8];

x.Gaps = [0.01      0.03      0.05      0.07      0.09];
x.TMCFreq = [250   500  1000  2000  4000  6000];
x.TMC = [
62.9	84.5	71	66.7	75.4	63.1	 
72.2	NaN	94.3	71.7	74.8	83.2	 
77.6	NaN	NaN	75	70.9	87.1	 
84.4	NaN	NaN	78.7	78.6	86.8	 
NaN	NaN	NaN	83.1	80.7	90	 
];
x.TMC = x.TMC';

x.MaskerRatio = [0.5      0.7      0.9        1      1.1      1.3      1.6];
x.IFMCFreq = [250   500  1000  2000  4000  6000];
x.IFMCs = [
67.9	91.9	83.6	72.7	68.2	68.4	 
63.5	84	78.4	57.4	50.7	52	 
61.8	81.7	70	63.2	62.4	69.2	 
62.5	77.8	68.7	61.9	60.2	57.3	 
65.6	78.8	77	65.4	60.4	64.4	 
66.5	77.5	82.1	79.6	81	93.1	 
55	82.9	96	88.5	92.4	NaN	 
];
x.IFMCs = x.IFMCs';
