function x = MTprofile15_41hr13_Sep_2012
%created: 15_41hr13_Sep_2012

x.BFs = [1000];

x.LongTone = [20.4];
x.ShortTone = [21.7];

x.Gaps = [0.01      0.03      0.05      0.07      0.09];
x.TMCFreq = [1000];
x.TMC = [
26.3	 
30.6	 
32.9	 
45.8	 
33.1	 
];
x.TMC = x.TMC';

x.MaskerRatio = [0.5      0.7      0.9        1      1.1      1.3      1.6];
x.IFMCFreq = [1000];
x.IFMCs = [
72.2	 
54.7	 
31.9	 
26	 
28.4	 
50.3	 
79	 
];
x.IFMCs = x.IFMCs';
