function x = MTprofile13_34hr28_Aug_2012
%created: 13_34hr28_Aug_2012

x.BFs = [250   500  1000  2000  4000  6000];

x.LongTone = [8.12      5.37      3.09      1.63     -1.45     0.145];
x.ShortTone = [11.9      7.99      5.51      4.49      2.52      2.73];

x.Gaps = [0.01      0.03      0.05      0.07      0.09];
x.TMCFreq = [250   500  1000  2000  4000  6000];
x.TMC = [
21.6	19.2	16.8	15.2	13	13.7	 
24	19.6	16.9	18	16.2	15.5	 
25.4	21.9	18.9	19.6	20.3	17.1	 
28	25.3	23	26.9	23.2	19.5	 
33.4	40.5	42.7	35.8	NaN	27.4	 
];
x.TMC = x.TMC';

x.MaskerRatio = [0.5      0.7      0.9        1      1.1      1.3      1.6];
x.IFMCFreq = [250   500  1000  2000  4000  6000];
x.IFMCs = [
35.4	46.6	59.4	56.4	54	50.9	 
29	32.4	41.8	44.8	37.4	34.7	 
23.4	21.3	21.1	23.1	21.6	22.3	 
21.8	18.3	15.7	14.2	14.2	14.1	 
20.9	18.3	16	16.9	17.9	20.6	 
20.8	22.4	28	35.3	43.7	48.8	 
24.8	35	63.6	71.7	82.4	89.4	 
];
x.IFMCs = x.IFMCs';
