function x = MTprofile16_24hr23_Mar_2012
%created: 16_24hr23_Mar_2012

x.BFs = [250   500  1000  2000  4000  6000];

x.LongTone = [8.69      3.61      2.77      3.46      3.47      1.85];
x.ShortTone = [11.4      7.78      6.91      7.77       9.5      10.7];

x.Gaps = [0.01      0.03      0.05      0.07      0.09];
x.TMCFreq = [250   500  1000  2000  4000  6000];
x.TMC = [
33.1	26.9	40.7	30.7	34.9	25.7	 
46.5	37.5	57.3	57.4	25.9	40.1	 
58.6	48.8	65.4	70.4	62.3	64.7	 
66.1	60.6	69.4	82.6	81.8	72.5	 
73.6	63.8	71.5	85.2	100	78.8	 
];
x.TMC = x.TMC';

x.MaskerRatio = [0.5      0.7      0.9        1      1.1      1.3      1.6];
x.IFMCFreq = [250   500  1000  2000  4000  6000];
x.IFMCs = [
58	70	81.2	75	79.5	79.9	 
45.4	42.8	69.8	65.9	66	63.5	 
34.5	30.7	50.2	56.8	50.9	51.1	 
30.5	25.3	41.2	29.4	23.5	27.1	 
30.3	24.2	48.1	40.8	39.1	35.5	 
31.7	33.4	77.4	85.3	95.9	103	 
31.4	76.4	90.8	98.6	104	NaN	 
];
x.IFMCs = x.IFMCs';
