function x = MTprofile10_28hr04_Oct_2012
%created: 10_28hr04_Oct_2012

x.BFs = [250   500  1000  2000  4000  6000];

x.LongTone = [8.33      4.43      2.82      1.34      -1.2     0.457];
x.ShortTone = [12.1       7.9      5.37      4.95      1.65      3.78];

x.Gaps = [0.01      0.03      0.05      0.07      0.09];
x.TMCFreq = [250   500  1000  2000  4000  6000];
x.TMC = [
24.2	19.7	17.2	24.4	15.4	18.2	 
28.8	25.9	22.6	37.1	41.2	50.4	 
50	74.9	NaN	NaN	NaN	NaN	 
NaN	NaN	NaN	NaN	NaN	NaN	 
NaN	NaN	NaN	NaN	NaN	NaN	 
];
x.TMC = x.TMC';

x.MaskerRatio = [0.5      0.7      0.9        1      1.1      1.3      1.6];
x.IFMCFreq = [250   500  1000  2000  4000  6000];
x.IFMCs = [
37.5	49.2	62.6	63.1	58.7	57.9	 
31.9	34.3	43.6	50.5	43	43	 
27.4	25	22.7	26.8	23.4	26.8	 
24.5	20.7	17.8	20.9	14.6	19	 
23.9	19.7	18.3	21.2	20.4	26.8	 
23.1	24.9	29.2	39	43.8	54.1	 
28.2	36.4	72.2	80.9	89.5	98.6	 
];
x.IFMCs = x.IFMCs';
