function x = MTprofile14_6hr14_May_2012
%created: 14_6hr14_May_2012

x.BFs = [250   500  1000  2000  4000  6000];

x.LongTone = [43.7        36      29.9      38.3        37      37.9];
x.ShortTone = [49.4      41.3      38.3      44.7      44.3      44.4];

x.Gaps = [0.01      0.03      0.05      0.07      0.09];
x.TMCFreq = [250   500  1000  2000  4000  6000];
x.TMC = [
66	84.6	78	65.3	65.7	61.9	 
70.4	NaN	NaN	72	76.7	61.8	 
73.4	NaN	NaN	72.5	82.1	87.7	 
86.5	NaN	NaN	77.2	82.2	85.8	 
NaN	NaN	NaN	78.2	86.5	93.3	 
];
x.TMC = x.TMC';

x.MaskerRatio = [0.5      0.7      0.9        1      1.1      1.3      1.6];
x.IFMCFreq = [250   500  1000  2000  4000  6000];
x.IFMCs = [
70	NaN	87.2	65.3	65.2	63.7	 
66.2	92.9	79.1	58.8	54.9	49.5	 
62.6	89.2	76.2	64.7	57.2	60.5	 
62.8	87.8	75.5	70.8	79.3	58.2	 
63.9	89.7	80.6	63.1	62.9	63.7	 
66	92.9	86	76.6	82.7	90.8	 
55.8	86.4	93.7	90.4	93.5	NaN	 
];
x.IFMCs = x.IFMCs';
