function x = MTprofile19_4hr25_Oct_2012
%created: 19_4hr25_Oct_2012

x.BFs = [1000];

x.LongTone = [65.6];
x.ShortTone = [66.2];

x.Gaps = [0.01      0.03      0.05      0.07      0.09];
x.TMCFreq = [1000];
x.TMC = [
62.8	 
60.8	 
66	 
70.4	 
92	 
];
x.TMC = x.TMC';

x.MaskerRatio = [0.5      0.7      0.9        1      1.1      1.3      1.6];
x.IFMCFreq = [1000];
x.IFMCs = [
74.7	 
62.9	 
60.3	 
61.1	 
64.4	 
73.4	 
82	 
];
x.IFMCs = x.IFMCs';
