function x = MTprofile16_54hr25_Oct_2012
%created: 16_54hr25_Oct_2012

x.BFs = [1000];

x.LongTone = [7.17];
x.ShortTone = [12.5];

x.Gaps = [0.01      0.03      0.05      0.07      0.09];
x.TMCFreq = [1000];
x.TMC = [
24.5	 
30.1	 
45.7	 
33.7	 
87.8	 
];
x.TMC = x.TMC';

x.MaskerRatio = [0.5      0.7      0.9        1      1.1      1.3      1.6];
x.IFMCFreq = [1000];
x.IFMCs = [
75.7	 
63.2	 
27.9	 
26.1	 
30	 
47.5	 
81.2	 
];
x.IFMCs = x.IFMCs';
