function x = MTprofile8_8hr28_Feb_2013
%created: 8_8hr28_Feb_2013

x.BFs = [250   500  1000  2000  4000  6000];

x.LongTone = [6.45      2.51     0.566      1.33     -2.02     0.145];
x.ShortTone = [9.8      6.21      4.21      4.63      3.05      3.72];

x.Gaps = [0.01      0.03      0.05      0.07      0.09];
x.TMCFreq = [250   500  1000  2000  4000  6000];
x.TMC = [
19.4	17.7	16	17.8	17.3	16.8	 
21	21.9	15.9	19.7	19.9	19.6	 
24.9	21.7	20.9	26.2	28.3	22.5	 
30.8	34.9	51.3	47.9	46.9	31.7	 
49.7	78.8	50	69.2	70.5	73.1	 
];
x.TMC = x.TMC';

x.MaskerRatio = [0.5      0.7      0.9        1      1.1      1.3      1.6];
x.IFMCFreq = [250   500  1000  2000  4000  6000];
x.IFMCs = [
33.5	46.7	60.6	58.6	59.4	54.8	 
28.8	30.7	42.5	45.2	42.9	38.2	 
22.1	22.2	20.9	28.6	24	23	 
20	17.5	17.8	15	15.4	17.9	 
19.1	18	17.9	20.5	20	22	 
21.1	21.1	27.7	40	55.7	51.2	 
22.6	55.1	66.5	75.7	88.1	93.4	 
];
x.IFMCs = x.IFMCs';
