function x = MTprofile8_51hr13_Oct_2012
%created: 8_51hr13_Oct_2012

x.BFs = [250   500  1000  2000  4000  6000];

x.LongTone = [13      8.82      7.62      13.9      14.5      16.5];
x.ShortTone = [13.9      12.6      12.8        30        28      23.1];

x.Gaps = [0.01      0.03      0.05      0.07      0.09];
x.TMCFreq = [250   500  1000  2000  4000  6000];
x.TMC = [
25.4	22.2	21.4	45.5	39.8	34.1	 
25.7	32.4	28.9	59	55.1	35.4	 
26.9	33.9	37.1	55.2	56.2	59.2	 
30	52.3	43.9	58.8	62.9	63.2	 
32.3	60.2	61.2	61.8	57.5	80.9	 
];
x.TMC = x.TMC';

x.MaskerRatio = [0.5      0.7      0.9        1      1.1      1.3      1.6];
x.IFMCFreq = [250   500  1000  2000  4000  6000];
x.IFMCs = [
31.9	59.3	63.7	66.8	74.6	71	 
27.8	38.1	45.9	57.8	61.2	63.4	 
24.9	27.3	33	61.3	57.6	46.4	 
22.1	24.8	21.7	46.3	45.3	35.8	 
19.9	22.3	28.4	43.4	41.8	40.4	 
20.9	28.5	42.5	70.5	63.3	72.6	 
23.7	64.7	76.8	90.9	NaN	102	 
];
x.IFMCs = x.IFMCs';
