function x = MTprofile8_56hr30_Mar_2013
%created: 8_56hr30_Mar_2013

x.BFs = [250   500  1000  2000  4000  6000];

x.LongTone = [7.58      1.02     -1.81     -1.51     -2.94     -0.21];
x.ShortTone = [10      5.36      2.63      1.06     0.239      3.73];

x.Gaps = [0.01      0.03      0.05      0.07      0.09];
x.TMCFreq = [250   500  1000  2000  4000  6000];
x.TMC = [
24.5	18.2	18.6	18.1	16.4	20	 
25.8	23.1	22	23.6	19.2	26.8	 
32	25.6	33.5	30.8	38.6	27.5	 
42.8	36.6	40.7	67.4	74.3	71.1	 
51.2	51.4	65.1	66	46.7	NaN	 
];
x.TMC = x.TMC';

x.MaskerRatio = [0.5      0.7      0.9        1      1.1      1.3      1.6];
x.IFMCFreq = [250   500  1000  2000  4000  6000];
x.IFMCs = [
36.4	50.2	65.4	59.7	57.6	58.9	 
30	33.2	49	47.6	42.3	45.3	 
25.1	21.8	22.2	22.3	25.7	30.9	 
24.8	19	16.2	16.3	16.1	20.5	 
22.1	18.6	16.3	17.8	20.4	28.5	 
22.2	21.9	31.3	50.4	72.4	77.4	 
25.7	37.1	66.9	78.4	89.4	101	 
];
x.IFMCs = x.IFMCs';
