function x = MTprofile7_37hr04_Apr_2013
%created: 7_37hr04_Apr_2013

x.BFs = [250   500  1000  2000  4000  6000];

x.LongTone = [21.1      16.2      11.7      12.3      11.5      15.2];
x.ShortTone = [24.7      19.2      14.8      14.8        14      17.6];

x.Gaps = [0.01      0.03      0.05      0.07      0.09];
x.TMCFreq = [250   500  1000  2000  4000  6000];
x.TMC = [
36.9	34.9	30.9	32.6	28.3	32.7	 
41.6	37.7	37	35.9	33.7	42	 
45	44.6	36.7	46.8	60.8	66.9	 
47.3	56.2	64.7	62.5	78.2	62.1	 
77.6	81.1	97.7	66.8	65	95.7	 
];
x.TMC = x.TMC';

x.MaskerRatio = [0.5      0.7      0.9        1      1.1      1.3      1.6];
x.IFMCFreq = [250   500  1000  2000  4000  6000];
x.IFMCs = [
50.1	62.8	61	55	46.5	51.7	 
46.1	47.3	53.4	45.7	41.5	42.7	 
40.2	36.5	33.6	55.3	36.1	42.3	 
37	34.6	28.4	30.1	29.1	32.8	 
36.7	33.6	32.7	32.7	37	39.8	 
39.5	53.6	53.8	62.6	67.2	75.9	 
43	53	59.9	71.2	74.1	81.8	 
];
x.IFMCs = x.IFMCs';
