function x = MTprofile17_43hr22_Nov_2012
%created: 17_43hr22_Nov_2012

x.BFs = [1000];

x.LongTone = [2.36];
x.ShortTone = [9.83];

x.Gaps = [0.01      0.03      0.05      0.07      0.09];
x.TMCFreq = [1000];
x.TMC = [
21.4	 
41.6	 
41.6	 
57.3	 
62.9	 
];
x.TMC = x.TMC';

x.MaskerRatio = [0.5      0.7      0.9        1      1.1      1.3      1.6];
x.IFMCFreq = [1000];
x.IFMCs = [
45.1	 
37	 
29.9	 
23.8	 
22.8	 
36.4	 
69.5	 
];
x.IFMCs = x.IFMCs';
