function x = MTprofile23_4hr29_Mar_2013
%created: 23_4hr29_Mar_2013

x.BFs = [1000];

x.LongTone = [-1.64];
x.ShortTone = [1.96];

x.Gaps = [0.01      0.03      0.05      0.07      0.09];
x.TMCFreq = [1000];
x.TMC = [
13.4	 
21.2	 
21.1	 
46.4	 
68.3	 
];
x.TMC = x.TMC';

x.MaskerRatio = [0.5      0.7      0.9        1      1.1      1.3      1.6];
x.IFMCFreq = [1000];
x.IFMCs = [
63.6	 
47.1	 
21	 
17.6	 
16.1	 
26.1	 
66.5	 
];
x.IFMCs = x.IFMCs';
