function x = MTprofile8_7hr04_Apr_2013
%created: 8_7hr04_Apr_2013

x.BFs = [250   500  1000  2000  4000  6000];

x.LongTone = [21.1      16.2      11.7      12.3      11.5      15.2];
x.ShortTone = [24.7      19.2      14.8      14.8        14      17.6];

x.Gaps = [0.01      0.03      0.05      0.07      0.09];
x.TMCFreq = [250   500  1000  2000  4000  6000];
x.TMC = [
34.6	30.5	25.4	25.3	25.3	28.8	 
37.5	32	26.8	28	28	31.3	 
39	31.5	27.9	27.6	28.5	30.4	 
39.6	37.5	34.4	34	32.8	34.6	 
43.8	39.2	34.7	40.7	32.1	40.1	 
];
x.TMC = x.TMC';

x.MaskerRatio = [0.5      0.7      0.9        1      1.1      1.3      1.6];
x.IFMCFreq = [250   500  1000  2000  4000  6000];
x.IFMCs = [
47.2	53.6	52.8	46.6	43	41.3	 
39.9	41.8	45.7	38	33.3	33.8	 
36.3	32.4	30.9	51.4	35.4	35.1	 
34.1	29.1	25.2	25.5	23.7	29.9	 
33.4	30.9	25.3	27.5	28.6	34.7	 
35.1	38	41.6	52.4	62.4	69.8	 
39.2	48	53.5	58.5	66.7	73.9	 
];
x.IFMCs = x.IFMCs';
