function x = MTprofile21_33hr25_Oct_2012
%created: 21_33hr25_Oct_2012

x.BFs = [250   500  1000  2000  4000  6000];

x.LongTone = [12.8      9.02      10.5      13.9      13.6      15.8];
x.ShortTone = [15.7        13      14.3      19.2      16.4      18.2];

x.Gaps = [0.01      0.03      0.05      0.07      0.09];
x.TMCFreq = [250   500  1000  2000  4000  6000];
x.TMC = [
25.4	24.9	25.4	39.6	30.7	31.6	 
30	27.8	29.1	50.3	37.3	33.9	 
30.5	33	30.1	76.1	59.4	38.9	 
32.8	39.7	45.6	65.2	79.3	52.3	 
52.8	62.2	65.4	NaN	NaN	NaN	 
];
x.TMC = x.TMC';

x.MaskerRatio = [0.5      0.7      0.9        1      1.1      1.3      1.6];
x.IFMCFreq = [250   500  1000  2000  4000  6000];
x.IFMCs = [
39.5	54.4	74.3	77.1	77.3	76.3	 
30.3	38	57.9	65.3	60.4	60.7	 
28.5	26.4	28.8	62	43.8	41.3	 
24.4	25.4	25.3	34.9	27.7	29.8	 
23.6	23.5	25	42.9	34.2	38.4	 
25.8	28.5	43.5	75.1	92.9	99.2	 
28.7	70.4	81.9	94.1	NaN	NaN	 
];
x.IFMCs = x.IFMCs';
