function x = MTprofile21_13hr29_Mar_2013
%created: 21_13hr29_Mar_2013

x.BFs = [250   500  1000  2000  4000  6000];

x.LongTone = [8.62      3.29    -0.587     -1.07     -1.01      1.83];
x.ShortTone = [11.1      8.26      3.86      2.39      5.89      10.3];

x.Gaps = [0.01      0.03      0.05      0.07      0.09];
x.TMCFreq = [250   500  1000  2000  4000  6000];
x.TMC = [
23.5	52.2	74.9	68.8	53.5	33.2	 
25.4	68.3	NaN	NaN	78.1	36.9	 
28.1	NaN	NaN	NaN	94.4	59.6	 
33.7	NaN	NaN	NaN	NaN	66	 
62.6	NaN	NaN	NaN	NaN	85.3	 
];
x.TMC = x.TMC';

x.MaskerRatio = [0.5      0.7      0.9        1      1.1      1.3      1.6];
x.IFMCFreq = [250   500  1000  2000  4000  6000];
x.IFMCs = [
37.1	70.4	90.1	78	68.7	61.7	 
30.4	64.3	79.1	64.1	53.3	43.7	 
24.8	50.9	77.3	66.7	61.2	49.7	 
23.5	54.4	79.3	74.7	51.6	42.3	 
23.5	42.9	85	77	70.7	53.8	 
22.6	56.1	79.6	87.1	88.3	94.6	 
28.1	66.5	NaN	NaN	98	108	 
];
x.IFMCs = x.IFMCs';
