function x = MTprofile6_44hr27_Nov_2012
%created: 6_44hr27_Nov_2012

x.BFs = [4000];

x.LongTone = [39.1];
x.ShortTone = [59.3];

x.Gaps = [0.01      0.03      0.05      0.07      0.09];
x.TMCFreq = [4000];
x.TMC = [
17.9	 
45.8	 
23.8	 
-9.81	 
-1.09	 
];
x.TMC = x.TMC';

x.MaskerRatio = [0.5      0.7      0.9        1      1.1      1.3      1.6];
x.IFMCFreq = [4000];
x.IFMCs = [
32	 
38.8	 
41.6	 
45	 
29.8	 
54.2	 
24.3	 
];
x.IFMCs = x.IFMCs';
