function x = MTprofile22_23hr04_Apr_2013
%created: 22_23hr04_Apr_2013

x.BFs = [250   500  1000  2000  4000  6000];

x.LongTone = [21.1      16.2      13.2      11.8      10.5      13.7];
x.ShortTone = [24      19.2      16.3      15.1        14      17.1];

x.Gaps = [0.01      0.03      0.05      0.07      0.09];
x.TMCFreq = [250   500  1000  2000  4000  6000];
x.TMC = [
35.6	32	31.7	31.9	28.9	30.9	 
41.4	37.2	38.7	42.9	34.6	35.8	 
50.5	43.8	47.5	49	45.1	46.6	 
52.6	51.4	71	54.9	61.4	72.3	 
67.6	66.8	64.2	72.8	68.4	76.5	 
];
x.TMC = x.TMC';

x.MaskerRatio = [0.5      0.7      0.9        1      1.1      1.3      1.6];
x.IFMCFreq = [250   500  1000  2000  4000  6000];
x.IFMCs = [
46.8	59.5	58.9	50.7	46.4	46.7	 
43.3	46.4	52.6	42.6	38.6	43.7	 
39.8	35.5	39.1	49.6	40.4	38.4	 
35.4	31.4	31.6	28.1	28.6	29.5	 
33.5	31.6	34.4	31.5	31.9	37.9	 
35.4	50.8	55.8	60.7	66.6	71.9	 
42.7	50.7	60.4	67.1	73.9	78.5	 
];
x.IFMCs = x.IFMCs';
