function x = MTprofile15_10hr01_Apr_2013
%created: 15_10hr01_Apr_2013

x.BFs = [2];

x.LongTone = [32.6];
x.ShortTone = [51.4];

x.Gaps = [0.01      0.03      0.05      0.07      0.09];
x.TMCFreq = [2];
x.TMC = [
64.8	 
70.5	 
71.2	 
74.3	 
79.6	 
];
x.TMC = x.TMC';

x.MaskerRatio = [0.5      0.7      0.9        1      1.1      1.3      1.6];
x.IFMCFreq = [2];
x.IFMCs = [
68.3	 
65.3	 
64.6	 
64.9	 
64.4	 
65.4	 
66.5	 
];
x.IFMCs = x.IFMCs';
