function x = MTprofile6_27hr26_Oct_2012
%created: 6_27hr26_Oct_2012

x.BFs = [1000];

x.LongTone = [49.6];
x.ShortTone = [52.1];

x.Gaps = [0.01      0.03      0.05      0.07      0.09];
x.TMCFreq = [1000];
x.TMC = [
68.5	 
76.1	 
84.5	 
NaN	 
NaN	 
];
x.TMC = x.TMC';

x.MaskerRatio = [0.5      0.7      0.9        1      1.1      1.3      1.6];
x.IFMCFreq = [1000];
x.IFMCs = [
82.9	 
73.2	 
66.4	 
70.4	 
67.6	 
76.6	 
90.2	 
];
x.IFMCs = x.IFMCs';
