function x = MTprofile10_24hr01_Apr_2013
%created: 10_24hr01_Apr_2013

x.BFs = [250   500  1000  2000  4000  6000];

x.LongTone = [1.57     -3.79     -7.33     -8.43     -7.52     -5.51];
x.ShortTone = [3.75    -0.816     -3.94     -4.71     -5.96     -2.57];

x.Gaps = [0.01      0.03      0.05      0.07      0.09];
x.TMCFreq = [250   500  1000  2000  4000  6000];
x.TMC = [
17.8	15.1	13.9	16.3	13.3	15.8	 
25.1	19.1	17.9	23.1	25.6	30.6	 
34.1	29.7	29.5	55.9	47.8	49.9	 
34.5	61.6	91.6	NaN	77.7	71.2	 
86.2	NaN	103	NaN	NaN	NaN	 
];
x.TMC = x.TMC';

x.MaskerRatio = [0.5      0.7      0.9        1      1.1      1.3      1.6];
x.IFMCFreq = [250   500  1000  2000  4000  6000];
x.IFMCs = [
31.5	52.7	63.1	58.7	53.8	58.8	 
24.2	30.6	50.3	50.7	47	49.8	 
19.6	17.7	15.7	24.1	18.7	29.3	 
19.1	13.4	12.4	13.2	23.3	15.1	 
17.1	13.9	12.2	18.4	16.8	34.5	 
16.3	16.7	26.4	57.6	67.7	81	 
21	36.4	66.5	79.4	85.3	93	 
];
x.IFMCs = x.IFMCs';
