function x = MTprofile18_38hr10_Mar_2012
%created: 18_38hr10_Mar_2012

x.BFs = [250   500  1000  2000  4000  8000];

x.LongTone = [-11.8     -10.8     -12.4     -12.8     -4.09      1.82];
x.ShortTone = [-1.15     -1.78     -5.52    -0.597      5.97      10.8];

x.Gaps = [0.01      0.03      0.05      0.07      0.09];
x.TMCFreq = [250   500  1000  2000  4000  8000];
x.TMC = [
11.3	14.5	5.74	13.3	42.9	28.8	 
21.6	24.9	5.65	46	45.3	46.9	 
38.6	76.5	14.3	63	68.8	34.3	 
34.1	79.5	51.2	74.6	57.6	68.7	 
83.8	NaN	24	78.6	82.6	62.8	 
];
x.TMC = x.TMC';

x.MaskerRatio = [0.5      0.7      0.9        1      1.1      1.3      1.6];
x.IFMCFreq = [250   500  1000  2000  4000  8000];
x.IFMCs = [
15.1	33.6	36.5	61.8	71.2	71.5	 
15.7	17.8	16.5	55.3	48.6	41.4	 
11.6	12.8	8.38	37	45.3	44.9	 
12.3	13	7.34	22	21.5	25.3	 
11	13.5	4.88	18.6	27.9	29.2	 
11.6	14.5	11.2	54.8	35	48.2	 
12.2	23.3	36.2	82.9	89.9	75.1	 
];
x.IFMCs = x.IFMCs';
