function x = MTprofile10_1hr14_Oct_2012
%created: 10_1hr14_Oct_2012

x.BFs = [250   500  1000  2000  4000  6000];

x.LongTone = [13.5      9.29      9.03      13.9      14.6        17];
x.ShortTone = [15.3      11.6      11.5      18.5      17.5      20.7];

x.Gaps = [0.01      0.03      0.05      0.07      0.09];
x.TMCFreq = [250   500  1000  2000  4000  6000];
x.TMC = [
26.6	24.2	23.4	27.6	29.8	39.8	 
32.8	26.1	27.8	41.4	42.2	85	 
38.3	48.9	49.5	43.6	53.8	NaN	 
94	NaN	51	43.8	46.5	NaN	 
80.7	80.8	53.8	44.6	76.8	NaN	 
];
x.TMC = x.TMC';

x.MaskerRatio = [0.5      0.7      0.9        1      1.1      1.3      1.6];
x.IFMCFreq = [250   500  1000  2000  4000  6000];
x.IFMCs = [
36.5	55.2	62.3	65.4	73	79.5	 
31.3	35.7	43.5	59.2	63	65.5	 
28.4	27.9	24.9	27.8	47.1	52.5	 
26.9	23	23.3	31.2	30.5	37	 
26.2	24.2	26.4	27.8	33.8	51.4	 
24.4	25.5	43.6	51.8	59.8	74.3	 
28.4	69.3	80.4	89.5	103	NaN	 
];
x.IFMCs = x.IFMCs';
