function x = MTprofile18_50hr20_Jul_2012
%created: 18_50hr20_Jul_2012

x.BFs = [250   500  1000  2000  4000  6000];

x.LongTone = [9.02       4.8      2.59      1.28     -1.92    -0.558];
x.ShortTone = [10.8       7.8      5.87      3.51     0.862      2.95];

x.Gaps = [0.01      0.03      0.05      0.07      0.09];
x.TMCFreq = [250   500  1000  2000  4000  6000];
x.TMC = [
22.1	21.4	18.7	15.4	13.9	15.2	 
23.8	23	25	17.9	17.5	17.4	 
26.5	33.5	64.7	24.1	45	43.6	 
50.7	NaN	NaN	NaN	NaN	NaN	 
92.7	NaN	NaN	NaN	NaN	NaN	 
];
x.TMC = x.TMC';

x.MaskerRatio = [0.5      0.7      0.9        1      1.1      1.3      1.6];
x.IFMCFreq = [250   500  1000  2000  4000  6000];
x.IFMCs = [
35	48.9	62.2	58.4	56.9	54.4	 
28.6	33.9	48.2	46.4	39.6	38.6	 
23.5	23.2	22.5	23.5	22.7	23.6	 
21.4	19.6	18.5	14.7	13.5	15.4	 
21.6	18.9	18.7	17	16.6	23.2	 
21.5	23.6	30.6	36.6	42.6	50.9	 
25.4	56.7	67	73.9	83.8	91.9	 
];
x.IFMCs = x.IFMCs';
