function x = MTprofile8_32hr04_May_2012
%created: 8_32hr04_May_2012

x.BFs = [250   500  1000  2000  4000  6000];

x.LongTone = [7.2      3.24      2.08      3.67      2.15      3.69];
x.ShortTone = [11.7      7.75      6.16      10.2      7.71      9.29];

x.Gaps = [0.01      0.03      0.05      0.07      0.09];
x.TMCFreq = [250   500  1000  2000  4000  6000];
x.TMC = [
21.8	20.3	23	27.3	17.3	21.1	 
22.7	23.9	30.3	39.5	24.5	27.4	 
25.1	29.7	39.8	48.1	23.1	25.1	 
28.3	47	49.5	49.6	33.8	26.4	 
31.6	67.3	50.5	49.6	42.3	33.3	 
];
x.TMC = x.TMC';

x.MaskerRatio = [0.5      0.7      0.9        1      1.1      1.3      1.6];
x.IFMCFreq = [250   500  1000  2000  4000  6000];
x.IFMCs = [
31.8	42.4	45.5	42.4	41.7	39.4	 
26.6	29.5	36.2	27.6	27.4	26.5	 
22.3	21.2	24	37.9	25.9	29.2	 
21.2	20.1	23.8	25	15.4	20.7	 
20.2	20.4	24.4	24.2	21.5	28.3	 
22.7	30.4	46.9	54.4	58.5	65	 
26	38.4	57	63.9	69.8	86.7	 
];
x.IFMCs = x.IFMCs';
