function x = MTprofile18_39hr29_Mar_2013
%created: 18_39hr29_Mar_2013

x.BFs = [4000];

x.LongTone = [7.4];
x.ShortTone = [10.4];

x.Gaps = [0.01      0.03      0.05      0.07      0.09];
x.TMCFreq = [4000];
x.TMC = [
38	 
40.9	 
57.1	 
57.7	 
83.6	 
];
x.TMC = x.TMC';

x.MaskerRatio = [0.5      0.7      0.9        1      1.1      1.3      1.6];
x.IFMCFreq = [4000];
x.IFMCs = [
60.9	 
46.5	 
41.3	 
31.1	 
39.5	 
86.8	 
92.3	 
];
x.IFMCs = x.IFMCs';
