function x = MTprofile22_20hr13_May_2012
%created: 22_20hr13_May_2012

x.BFs = [250   500  1000  2000  4000  6000];

x.LongTone = [13.8      10.9      9.97      10.1      10.7      11.9];
x.ShortTone = [16.6      14.6      13.1      16.7      16.5      17.4];

x.Gaps = [0.01      0.03      0.05      0.07      0.09];
x.TMCFreq = [250   500  1000  2000  4000  6000];
x.TMC = [
27.2	36.7	47	38.2	41.9	31.9	 
30.5	66.4	55.2	33.5	60	35.2	 
48.3	86.4	66.8	71.9	44.7	51.4	 
78	NaN	71.7	70	51.9	64.1	 
NaN	NaN	88	65.9	50.9	83.7	 
];
x.TMC = x.TMC';

x.MaskerRatio = [0.5      0.7      0.9        1      1.1      1.3      1.6];
x.IFMCFreq = [250   500  1000  2000  4000  6000];
x.IFMCs = [
42.3	68.5	68.4	66.5	72.7	69.3	 
34.2	50.9	61.9	51.8	55.4	57.9	 
30	34.1	36.6	59.8	53	52.5	 
27.2	33.5	35.8	37.8	34.1	37.3	 
27.3	44.3	47.7	43.8	50.7	50.3	 
28.3	64.7	65.3	73.2	89.1	97.1	 
31.5	69.9	81.1	90.2	99.1	NaN	 
];
x.IFMCs = x.IFMCs';
