function x = MTprofile7_7hr02_Nov_2012
%created: 7_7hr02_Nov_2012

x.BFs = [500  2000  6000];

x.LongTone = [4.21      8.12      14.1];
x.ShortTone = [10.5      13.2      18.6];

x.Gaps = [0.01      0.03      0.05      0.07      0.09];
x.TMCFreq = [500  2000  6000];
x.TMC = [
25.6	27.8	33.6	 
39.4	39.2	37.8	 
65.4	49.1	79	 
83.7	63.7	86.2	 
NaN	96.1	NaN	 
];
x.TMC = x.TMC';

x.MaskerRatio = [0.5      0.7      0.9        1      1.1      1.3      1.6];
x.IFMCFreq = [500  2000  6000];
x.IFMCs = [
51.7	57.1	67.4	 
35.2	49.1	61	 
28.2	31.1	36.9	 
27.1	29	30.2	 
24.7	28.4	34.2	 
29.7	47.8	54.4	 
63.7	82.3	102	 
];
x.IFMCs = x.IFMCs';
