function x = MTprofile11_43hr25_Oct_2012
%created: 11_43hr25_Oct_2012

x.BFs = [1000];

x.LongTone = [-4.43];
x.ShortTone = [-0.716];

x.Gaps = [0.01      0.03      0.05      0.07      0.09];
x.TMCFreq = [1000];
x.TMC = [
11.8	 
12.8	 
32.5	 
88.2	 
NaN	 
];
x.TMC = x.TMC';

x.MaskerRatio = [0.5      0.7      0.9        1      1.1      1.3      1.6];
x.IFMCFreq = [1000];
x.IFMCs = [
59	 
35.9	 
16.3	 
10.8	 
12.1	 
23.5	 
42.1	 
];
x.IFMCs = x.IFMCs';
