function x = MTprofile19_40hr04_Apr_2013
%created: 19_40hr04_Apr_2013

x.BFs = [250   500  1000  2000  4000  6000];

x.LongTone = [21.1      16.2      13.2      11.8      10.5      13.7];
x.ShortTone = [24      19.2      16.3      15.1        14      17.1];

x.Gaps = [0.01      0.03      0.05      0.07      0.09];
x.TMCFreq = [250   500  1000  2000  4000  6000];
x.TMC = [
36.3	35.8	34.5	34.3	32.1	34.4	 
42.6	42	56.2	49	44.2	36.5	 
49.7	56.7	83.7	64.6	77.3	64.5	 
63.1	68.2	NaN	82.6	79.7	NaN	 
91.4	NaN	NaN	NaN	NaN	93.3	 
];
x.TMC = x.TMC';

x.MaskerRatio = [0.5      0.7      0.9        1      1.1      1.3      1.6];
x.IFMCFreq = [250   500  1000  2000  4000  6000];
x.IFMCs = [
50	65.9	62.6	55.8	50.1	50	 
44.4	48.6	55.4	47.9	44.6	46.9	 
37.6	37.8	42	55.9	40.4	48.9	 
36.9	35.1	35	33.8	29.5	32.5	 
40.4	35.4	36.5	36.7	36.3	39.6	 
36.9	54.9	57.1	65.1	70.1	78	 
41.9	54.3	63.6	74	75.9	82.1	 
];
x.IFMCs = x.IFMCs';
