function x = MTprofile9_48hr01_Apr_2013
%created: 9_48hr01_Apr_2013

x.BFs = [1000];

x.LongTone = [-7.08];
x.ShortTone = [-3.75];

x.Gaps = [0.01      0.03      0.05      0.07      0.09];
x.TMCFreq = [1000];
x.TMC = [
13.8	 
14.7	 
43.5	 
53.9	 
NaN	 
];
x.TMC = x.TMC';

x.MaskerRatio = [0.5      0.7      0.9        1      1.1      1.3      1.6];
x.IFMCFreq = [1000];
x.IFMCs = [
64.3	 
50.6	 
19.9	 
14.6	 
14.1	 
29.3	 
66.2	 
];
x.IFMCs = x.IFMCs';
