function x = MTprofile6_52hr27_Nov_2012
%created: 6_52hr27_Nov_2012

x.BFs = [4000];

x.LongTone = [24.5];
x.ShortTone = [33.5];

x.Gaps = [0.01      0.03      0.05      0.07      0.09];
x.TMCFreq = [4000];
x.TMC = [
-9.78	 
21.8	 
-5.96	 
12.6	 
47.9	 
];
x.TMC = x.TMC';

x.MaskerRatio = [0.5      0.7      0.9        1      1.1      1.3      1.6];
x.IFMCFreq = [4000];
x.IFMCs = [
23.7	 
16.7	 
NaN	 
45.3	 
21.3	 
44.4	 
37.6	 
];
x.IFMCs = x.IFMCs';
