function x = MTprofile14_40hr02_Apr_2013
%created: 14_40hr02_Apr_2013

x.BFs = [250   500  1000  2000  4000  6000];

x.LongTone = [22      14.7      15.4      8.49      10.5      14.9];
x.ShortTone = [28      23.2      19.8      18.4      18.3      21.4];

x.Gaps = [0.01      0.03      0.05      0.07      0.09];
x.TMCFreq = [250   500  1000  2000  4000  6000];
x.TMC = [
46.6	38.2	37.9	34.6	48.5	43.6	 
54.1	49.7	45.2	46.9	56.8	55.5	 
70.2	49.4	54.7	55.6	66.7	67.5	 
69.5	59.3	53.2	72.3	74.5	80.4	 
77.1	72.7	59.9	74.9	NaN	89.5	 
];
x.TMC = x.TMC';

x.MaskerRatio = [0.5      0.7      0.9        1      1.1      1.3      1.6];
x.IFMCFreq = [250   500  1000  2000  4000  6000];
x.IFMCs = [
61.4	69.1	67.6	62	60.2	60.9	 
51.9	57.5	59.5	55.6	55.4	53.8	 
51.8	45.5	40.4	60.3	54.5	61.4	 
43.1	40	40.8	47.8	32.6	34.9	 
41.4	44.3	40.4	39.9	52.4	48	 
47.4	62.5	63.2	69.9	73.8	77.8	 
57.7	60.4	67.4	71.8	81.4	87.9	 
];
x.IFMCs = x.IFMCs';
