function x = MTprofile13_15hr04_Apr_2013
%created: 13_15hr04_Apr_2013

x.BFs = [250   500  1000  2000  4000  6000];

x.LongTone = [20.8      16.5      12.7      10.9      11.1      14.4];
x.ShortTone = [24      18.5      15.4      14.7      14.7      18.8];

x.Gaps = [0.01      0.03      0.05      0.07      0.09];
x.TMCFreq = [250   500  1000  2000  4000  6000];
x.TMC = [
39.2	32.3	30.4	36.4	31.2	44.8	 
42	38.2	42.1	41.4	47.1	72.7	 
44.9	52.9	58.7	55.3	69.5	NaN	 
72.5	69.4	94.6	64.1	NaN	NaN	 
80.7	75.8	NaN	NaN	NaN	NaN	 
];
x.TMC = x.TMC';

x.MaskerRatio = [0.5      0.7      0.9        1      1.1      1.3      1.6];
x.IFMCFreq = [250   500  1000  2000  4000  6000];
x.IFMCs = [
50.3	61.2	60.3	55.5	53.1	59.1	 
44.3	47.8	54.5	46.6	45.1	52	 
38.7	36.6	39.4	53.5	53.3	54.7	 
35.5	34.8	32.5	31.2	33.6	45.1	 
36.7	33.6	33.2	34.1	39.5	45.1	 
39.7	54.4	54.9	64.7	72.4	79.7	 
41.8	54.2	63.6	70.9	80.6	85.2	 
];
x.IFMCs = x.IFMCs';
