function x = MTprofile15_36hr02_Mar_2013
%created: 15_36hr02_Mar_2013

x.BFs = [250   500  1000  2000  4000  6000];

x.LongTone = [27.9      24.3      25.5      33.6        47      38.2];
x.ShortTone = [32.6      30.6      31.1        46        56      60.6];

x.Gaps = [0.01      0.03      0.05      0.07      0.09];
x.TMCFreq = [250   500  1000  2000  4000  6000];
x.TMC = [
39.2	49.8	44.3	59.1	20.5	54.4	 
39.5	47.5	55.3	45.3	89.1	33.5	 
43.9	49.5	55.1	79.6	46.5	48.7	 
57.7	60.6	74.3	74.8	54.2	38.8	 
43.4	66.1	67.6	NaN	33.2	53.2	 
];
x.TMC = x.TMC';

x.MaskerRatio = [0.5      0.7      0.9        1      1.1      1.3      1.6];
x.IFMCFreq = [250   500  1000  2000  4000  6000];
x.IFMCs = [
59.8	73.2	75.6	70.6	46.2	38.9	 
52.5	59.5	65.1	56.3	54.3	31	 
45.1	43.7	53.9	62.5	38.3	64.1	 
36.2	42.6	43.2	69.3	55.6	59.9	 
40.5	38.7	42.9	50.7	52.9	42.4	 
42	61.7	71	82.9	38.8	106	 
55	61.4	74.6	91	95.7	NaN	 
];
x.IFMCs = x.IFMCs';
