function x = MTprofile15_16hr22_Nov_2012
%created: 15_16hr22_Nov_2012

x.BFs = [250   500  1000  2000  4000  6000];

x.LongTone = [46.6      37.5      35.3      48.6      51.3        54];
x.ShortTone = [50      42.4      40.3      52.2      55.2      57.5];

x.Gaps = [0.01      0.03      0.05      0.07      0.09];
x.TMCFreq = [250   500  1000  2000  4000  6000];
x.TMC = [
71.3	71.1	71.9	74.3	77.6	72.1	 
71.8	NaN	98.9	NaN	81.8	92.8	 
86.6	NaN	NaN	NaN	94.1	NaN	 
77.6	NaN	NaN	NaN	NaN	NaN	 
NaN	NaN	NaN	NaN	NaN	NaN	 
];
x.TMC = x.TMC';

x.MaskerRatio = [0.5      0.7      0.9        1      1.1      1.3      1.6];
x.IFMCFreq = [250   500  1000  2000  4000  6000];
x.IFMCs = [
71.6	86.5	75.7	76.7	69.8	72.2	 
66.7	76.9	66.3	68.7	57.4	59.2	 
65.7	72.3	65.9	72.7	74.6	81.7	 
64.4	68.7	60.5	86.3	70.6	72.6	 
73.6	72.6	64.2	78.9	64.7	71.1	 
69.9	75.8	74.1	93.1	75.6	84.1	 
55.7	77.4	NaN	NaN	97.2	NaN	 
];
x.IFMCs = x.IFMCs';
