function x = MTprofile13_16hr02_Mar_2013
%created: 13_16hr02_Mar_2013

x.BFs = [250   500  1000  2000  4000  6000];

x.LongTone = [6.24      1.39      -1.9     -1.69     -3.51    -0.726];
x.ShortTone = [9.15      5.79      2.35      0.59      1.22       2.3];

x.Gaps = [0.01      0.03      0.05      0.07      0.09];
x.TMCFreq = [250   500  1000  2000  4000  6000];
x.TMC = [
21.5	17.1	17.3	15.6	17.4	13.2	 
22.7	19.5	18.8	30.9	19.2	16.5	 
29.6	42.6	33.7	31.6	67.9	27.8	 
35	52.2	44.2	47.7	68.6	45.9	 
52.9	88.5	73.5	77.5	NaN	66	 
];
x.TMC = x.TMC';

x.MaskerRatio = [0.5      0.7      0.9        1      1.1      1.3      1.6];
x.IFMCFreq = [250   500  1000  2000  4000  6000];
x.IFMCs = [
32.6	58.7	58.6	54.2	54.1	49.6	 
26.6	36.7	47	42.1	40.1	36.5	 
21.5	20.3	19.8	20.2	33.2	22.6	 
19.6	18.3	15.2	13.8	14.4	14.1	 
18.9	17.1	16.8	13.7	25.6	20.7	 
19.8	21.8	34.3	57.2	78.5	76.7	 
21.2	51.5	60.3	71.2	86	88.3	 
];
x.IFMCs = x.IFMCs';
