function x = MTprofile13_3hr05_Oct_2012
%created: 13_3hr05_Oct_2012

x.BFs = [1000];

x.LongTone = [16.2];
x.ShortTone = [17.1];

x.Gaps = [0.01      0.03      0.05      0.07      0.09];
x.TMCFreq = [1000];
x.TMC = [
23.9	 
42.2	 
NaN	 
94.3	 
NaN	 
];
x.TMC = x.TMC';

x.MaskerRatio = [0.5      0.7      0.9        1      1.1      1.3      1.6];
x.IFMCFreq = [1000];
x.IFMCs = [
67	 
42.2	 
21.9	 
27.6	 
20.8	 
31.5	 
53.5	 
];
x.IFMCs = x.IFMCs';
