function x = MTprofile8_3hr15_Apr_2013
%created: 8_3hr15_Apr_2013

x.BFs = [250   500  1000  2000  4000  6000];

x.LongTone = [23.5        18      14.8      10.8      9.51      10.8];
x.ShortTone = [28.1      24.5      18.7      15.6      12.7      14.5];

x.Gaps = [0.01      0.03      0.05      0.07      0.09];
x.TMCFreq = [250   500  1000  2000  4000  6000];
x.TMC = [
33.1	36.2	31.1	30.1	28.1	27.7	 
39.2	38.4	35.7	33.3	39.7	31.7	 
39.8	41.5	35.1	35.7	49.6	46.5	 
42.3	41.5	35.6	40.5	55.9	62	 
49.2	44.5	38.8	38.6	65.6	74.4	 
];
x.TMC = x.TMC';

x.MaskerRatio = [0.5      0.7      0.9        1      1.1      1.3      1.6];
x.IFMCFreq = [250   500  1000  2000  4000  6000];
x.IFMCs = [
47.6	59.5	57.6	51.6	50.5	46.9	 
39.1	49.2	49	42.6	40	39.7	 
38.6	36.5	39.6	46.2	43.7	43.5	 
36.5	36.4	32.2	29.9	28.1	27	 
37.2	40.7	33.3	31.2	32.1	34.4	 
57	49.3	48.8	53.7	61.8	67.9	 
46.3	48.4	54.2	58.3	69.2	75.7	 
];
x.IFMCs = x.IFMCs';
