function x = MTprofile16_11hr18_Mar_2012
%created: 16_11hr18_Mar_2012

x.BFs = [250   500  1000  2000  4000  8000];

x.LongTone = [8.32      4.07         3      3.64      7.25      12.9];
x.ShortTone = [12.2       7.8      6.55      8.35      13.4      20.2];

x.Gaps = [0.01      0.03      0.05      0.07      0.09];
x.TMCFreq = [250   500  1000  2000  4000  8000];
x.TMC = [
23.2	18.8	19.2	21.6	25	31.1	 
26.6	21.3	23.1	25.9	25.5	34.7	 
36.1	27.4	38.8	44.2	32.8	32.8	 
NaN	80.1	69.7	60.5	44.4	36.9	 
NaN	80	NaN	82.9	53.1	46.2	 
];
x.TMC = x.TMC';

x.MaskerRatio = [0.5      0.7      0.9        1      1.1      1.3      1.6];
x.IFMCFreq = [250   500  1000  2000  4000  8000];
x.IFMCs = [
35.5	47.7	71.4	67.9	68.7	71.7	 
29.6	32.8	41.7	57.8	57.5	65	 
24	22.1	21.6	28.8	32.8	39.3	 
23.2	19.4	16.2	17.3	23.9	29.9	 
21.8	17	20	22.3	31.3	37.5	 
20.8	21.8	32.1	55.8	75.1	77.2	 
26.6	34	81.6	91.6	105	NaN	 
];
x.IFMCs = x.IFMCs';
