function x = MTprofile16_21hr05_Oct_2012
%created: 16_21hr05_Oct_2012

x.BFs = [1000];

x.LongTone = [16.9];
x.ShortTone = [17.9];

x.Gaps = [0.01      0.03      0.05      0.07      0.09];
x.TMCFreq = [1000];
x.TMC = [
16	 
21.1	 
25	 
23.4	 
20.1	 
];
x.TMC = x.TMC';

x.MaskerRatio = [0.5      0.7      0.9        1      1.1      1.3      1.6];
x.IFMCFreq = [1000];
x.IFMCs = [
65.3	 
40.3	 
20.9	 
17.7	 
18.9	 
28.4	 
74.1	 
];
x.IFMCs = x.IFMCs';
