function x = MTprofile13_18hr21_Nov_2012
%created: 13_18hr21_Nov_2012

x.BFs = [250   500  1000  2000  4000  6000];

x.LongTone = [19.6      15.5      19.9      25.5      27.4      27.1];
x.ShortTone = [20.8      20.3      21.2        28      33.7      29.3];

x.Gaps = [0.01      0.03      0.05      0.07      0.09];
x.TMCFreq = [250   500  1000  2000  4000  6000];
x.TMC = [
24.2	32.2	33.1	20.4	31.1	31.4	 
29.8	49.9	48.7	37.9	41.3	41.7	 
32.8	60.9	52.7	35.7	65.8	40	 
28.8	NaN	59.5	31.8	64.9	51.8	 
38.4	NaN	74.9	54.5	84.6	46.1	 
];
x.TMC = x.TMC';

x.MaskerRatio = [0.5      0.7      0.9        1      1.1      1.3      1.6];
x.IFMCFreq = [250   500  1000  2000  4000  6000];
x.IFMCs = [
31.6	63.8	59.9	54.2	69.4	66.4	 
31.4	47.1	49.5	52.7	61.8	66.1	 
26.6	39.1	36.9	33.2	47.9	38.2	 
25.4	32.7	32.9	36.3	46.3	32.8	 
25.1	32	31.5	28.6	36	38.4	 
22.5	35.6	45.4	52.8	56.8	56.7	 
27.6	70.2	79	86.8	99.4	101	 
];
x.IFMCs = x.IFMCs';
