function x = MTprofileOHC1_17_29hr16_May_2013
%created: 17_54hr16_May_2013

x.BFs = [250   500  1000  2000  4000  6000];

x.LongTone = [20.6      17.2      14.7      15.8      11.2      14.2];
x.ShortTone = [24.5      19.9      17.8      18.9      15.6      17.9];

x.Gaps = [0.01      0.03      0.05      0.07      0.09];
x.TMCFreq = [250   500  1000  2000  4000  6000];
x.TMC = [
36.3	37.4	35	41.6	31.6	34.6	 
45.3	38.8	42.8	55.6	40	37.5	 
57.2	50	51.8	56.9	59.9	48.4	 
65.3	73.1	77	NaN	61.8	70.5	 
91.4	NaN	NaN	74.8	79	101	 
];
x.TMC = x.TMC';

x.MaskerRatio = [0.5      0.7      0.9        1      1.1      1.3      1.6];
x.IFMCFreq = [250   500  1000  2000  4000  6000];
x.IFMCs = [
50.9	63.3	60.8	59.9	55.3	53.6	 
44	47.3	54.8	52.5	46	46	 
39.2	39.2	44.9	56	39.8	41.8	 
38.2	36	36.5	38.7	30.2	33.5	 
38.3	35.4	34.6	39.4	35.3	42.3	 
38.3	56.4	57.9	65.6	67.7	76.8	 
48.1	56.7	66.1	70.6	74.8	81.8	 
];
x.IFMCs = x.IFMCs';
