function x = MTprofile10_13hr03_Mar_2013
%created: 10_13hr03_Mar_2013

x.BFs = [1000];

x.LongTone = [5.38];
x.ShortTone = [7.35];

x.Gaps = [0.01      0.03      0.05      0.07      0.09];
x.TMCFreq = [1000];
x.TMC = [
18.8	 
32.5	 
74.4	 
NaN	 
NaN	 
];
x.TMC = x.TMC';

x.MaskerRatio = [0.5      0.7      0.9        1      1.1      1.3      1.6];
x.IFMCFreq = [1000];
x.IFMCs = [
66.1	 
51.2	 
28.6	 
23.1	 
23.7	 
44.7	 
69.4	 
];
x.IFMCs = x.IFMCs';
