function x = MTprofile21_15hr20_Oct_2012
%created: 21_15hr20_Oct_2012

x.BFs = [1000];

x.LongTone = [-1.93];
x.ShortTone = [0.491];

x.Gaps = [0.01      0.03      0.05      0.07      0.09];
x.TMCFreq = [1000];
x.TMC = [
15.1	 
20.9	 
84.8	 
NaN	 
NaN	 
];
x.TMC = x.TMC';

x.MaskerRatio = [0.5      0.7      0.9        1      1.1      1.3      1.6];
x.IFMCFreq = [1000];
x.IFMCs = [
62.1	 
37.2	 
18	 
12.9	 
14.2	 
24.1	 
45.4	 
];
x.IFMCs = x.IFMCs';
