function x = MTprofile13_42hr01_Apr_2013
%created: 13_42hr01_Apr_2013

x.BFs = [250   500  1000  2000  4000  6000];

x.LongTone = [8.86      4.73      1.39     0.164    -0.746       2.6];
x.ShortTone = [11.7      6.53      3.58       3.8      2.66      5.34];

x.Gaps = [0.01      0.03      0.05      0.07      0.09];
x.TMCFreq = [250   500  1000  2000  4000  6000];
x.TMC = [
23.3	16.8	14.5	13.6	13.5	15.7	 
22.4	18.2	15.8	15.8	14.7	17.5	 
26.6	18.3	16.2	19.3	17.7	24.1	 
28	21.6	19.2	23.2	22.7	21.9	 
26.7	23.5	22.7	28.6	23.9	23.7	 
];
x.TMC = x.TMC';

x.MaskerRatio = [0.5      0.7      0.9        1      1.1      1.3      1.6];
x.IFMCFreq = [250   500  1000  2000  4000  6000];
x.IFMCs = [
34.8	45.1	61.7	54.6	52	50.1	 
27.2	30.8	40.9	46.2	42.5	42.7	 
24	20.1	18.2	21.9	20.7	23.5	 
20.6	16.1	13.9	13.5	11.2	16.4	 
20.6	14.4	13.3	17.3	19	22.5	 
20.5	19.2	24.8	35.5	43.4	53.3	 
23.2	31.4	45.3	72.3	80.8	88.7	 
];
x.IFMCs = x.IFMCs';
