function x = MTprofile11_6hr06_Apr_2013
%created: 11_6hr06_Apr_2013

x.BFs = [2000];

x.LongTone = [41.5];
x.ShortTone = [44.2];

x.Gaps = [0.01      0.03      0.05      0.07      0.09];
x.TMCFreq = [2000];
x.TMC = [
64.2	 
75.5	 
93.9	 
79	 
NaN	 
];
x.TMC = x.TMC';

x.MaskerRatio = [0.5      0.7      0.9        1      1.1      1.3      1.6];
x.IFMCFreq = [2000];
x.IFMCs = [
59.2	 
52	 
59.5	 
63.9	 
63.9	 
67.4	 
87.2	 
];
x.IFMCs = x.IFMCs';
