function x = MTprofile13_56hr10_Mar_2012
%created: 13_56hr10_Mar_2012

x.BFs = [250   500  1000  2000  4000  8000];

x.LongTone = [-2.34     -8.32     -7.58     -4.63      1.05      6.75];
x.ShortTone = [-0.0413     -1.53     -1.37      1.51      7.15        14];

x.Gaps = [0.01      0.03      0.05      0.07      0.09];
x.TMCFreq = [250   500  1000  2000  4000  8000];
x.TMC = [
11.5	11.3	15.2	20.7	19.6	26.7	 
15	14.2	14.8	42	26.3	29.7	 
16.5	13.4	45.4	52.3	42.4	31.3	 
16.9	21.3	52.1	58.5	35.7	33.1	 
33.1	63.7	NaN	72.1	54.1	36.4	 
];
x.TMC = x.TMC';

x.MaskerRatio = [0.5      0.7      0.9        1      1.1      1.3      1.6];
x.IFMCFreq = [250   500  1000  2000  4000  8000];
x.IFMCs = [
15.9	25.2	43.4	65.1	66.8	67.1	 
12.1	16.5	23	41	35.5	53.1	 
12	11.7	14	17.8	21.2	28	 
10.3	9.92	13.1	29.7	22.7	29.4	 
11.6	9.37	16.1	23.2	23	25.9	 
11.8	11.8	15	40.9	26	44.7	 
13.7	18.1	62.4	88.3	92.1	61.7	 
];
x.IFMCs = x.IFMCs';
