function x = MTprofile0_1hr04_Apr_2013
%created: 0_1hr04_Apr_2013

x.BFs = [250   500  1000  2000  4000  6000];

x.LongTone = [21.3      16.9      12.6        12        11      14.7];
x.ShortTone = [23.9      19.3      15.7      15.3      14.9      17.2];

x.Gaps = [0.01      0.03      0.05      0.07      0.09];
x.TMCFreq = [250   500  1000  2000  4000  6000];
x.TMC = [
34.7	30.9	27.8	26.8	24.7	30.1	 
35.9	33.7	34.3	34.5	29.6	32	 
39.4	38.4	36.3	40.7	33.7	40.3	 
43.6	43.6	40.1	42.8	42.1	51	 
49.3	52.1	48.8	52.1	71.9	63.4	 
];
x.TMC = x.TMC';

x.MaskerRatio = [0.5      0.7      0.9        1      1.1      1.3      1.6];
x.IFMCFreq = [250   500  1000  2000  4000  6000];
x.IFMCs = [
45.8	54.3	54.5	48.3	44.4	42.8	 
41.1	43.2	47.4	40.1	36	37.9	 
35.2	32.7	34.3	51.7	35.9	36.3	 
35.1	30.3	28.1	28.1	28.2	27.4	 
32.2	30.7	29.3	29	30.5	36.3	 
33.4	38.8	44.7	55.4	63.7	69.8	 
39	48.4	56.2	61.9	69.2	74.1	 
];
x.IFMCs = x.IFMCs';
