function x = MTprofile7_1hr29_Mar_2013
%created: 7_1hr29_Mar_2013

x.BFs = [250   500  1000  2000  4000  6000];

x.LongTone = [15.9      8.27      3.67      5.85      6.55       9.4];
x.ShortTone = [18.9        13      8.56      11.3      12.2      16.4];

x.Gaps = [0.01      0.03      0.05      0.07      0.09];
x.TMCFreq = [250   500  1000  2000  4000  6000];
x.TMC = [
30.1	27.7	30	28.9	31.5	40.6	 
30.7	33.8	41.2	38.6	58.5	57.3	 
33.5	42.5	52.4	40.7	58.1	74.1	 
34.8	51.4	53.1	48.3	63.4	71.8	 
39.8	55.5	83.5	56.8	65.6	72.4	 
];
x.TMC = x.TMC';

x.MaskerRatio = [0.5      0.7      0.9        1      1.1      1.3      1.6];
x.IFMCFreq = [250   500  1000  2000  4000  6000];
x.IFMCs = [
38.9	48.9	49.6	39.9	39	42.3	 
33.8	39.8	39.9	28.4	25.9	32.3	 
29.9	30.5	34.9	36.1	37.1	41.3	 
28.4	28	29.5	30.3	30.4	37.9	 
29.5	29.1	35.4	33.7	39.7	56.4	 
35.1	35.7	47.6	54.1	66.6	73.9	 
28.5	35.6	61.8	66	75.4	89.6	 
];
x.IFMCs = x.IFMCs';
