function x = MTprofile14_53hr28_Aug_2012
%created: 14_53hr28_Aug_2012

x.BFs = [250   500  1000  2000  4000  6000];

x.LongTone = [8.5      4.22      2.74      1.06      -1.4     0.228];
x.ShortTone = [10.9       7.6      4.32      4.51      1.46       3.4];

x.Gaps = [0.01      0.03      0.05      0.07      0.09];
x.TMCFreq = [250   500  1000  2000  4000  6000];
x.TMC = [
21.9	19.2	15.5	17.2	13.8	16.2	 
24.9	22.4	17.2	41.3	22.5	19.2	 
30.7	44.4	24.7	47.7	52.3	69.5	 
37.6	92.5	44.8	NaN	NaN	NaN	 
77.6	NaN	94.6	NaN	NaN	NaN	 
];
x.TMC = x.TMC';

x.MaskerRatio = [0.5      0.7      0.9        1      1.1      1.3      1.6];
x.IFMCFreq = [250   500  1000  2000  4000  6000];
x.IFMCs = [
35.7	52.4	60.3	58.9	56.5	55.5	 
28.5	34.1	47.6	46.4	41.6	40.6	 
23.2	22.2	20.9	27.2	22.4	23.7	 
21.1	19.8	17.1	17.6	13.3	15.7	 
19.5	18	15.4	19.8	18.1	23.4	 
21.4	22.9	28.6	50.9	57.3	64	 
25.2	54.9	63.2	73	83.3	91.1	 
];
x.IFMCs = x.IFMCs';
