function x = MTprofile17_5hr21_Oct_2012
%created: 17_5hr21_Oct_2012

x.BFs = [250   500  1000  2000  4000  6000];

x.LongTone = [11.8      8.32      6.69      5.93      2.55      4.37];
x.ShortTone = [12      8.87      7.01      5.91      4.01      4.99];

x.Gaps = [0.01      0.03      0.05      0.07      0.09];
x.TMCFreq = [250   500  1000  2000  4000  6000];
x.TMC = [
3.58	28.4	13.7	15.1	9.23	13.1	 
2.71	NaN	59.4	55.4	52.2	58.4	 
NaN	NaN	NaN	NaN	NaN	NaN	 
-2.69	NaN	NaN	NaN	NaN	NaN	 
-7.18	NaN	NaN	NaN	NaN	NaN	 
];
x.TMC = x.TMC';

x.MaskerRatio = [0.5      0.7      0.9        1      1.1      1.3      1.6];
x.IFMCFreq = [250   500  1000  2000  4000  6000];
x.IFMCs = [
16.8	50.4	63.3	70.2	65.9	64.9	 
2.65	37.6	40.1	55.5	47.1	46	 
3.45	26.6	23.1	19.2	16.7	20.9	 
4.83	31.2	15.2	12.9	10.1	15.2	 
3.33	27.1	16.9	17.5	13.2	21.2	 
6.39	42.2	32.5	33.3	39.4	47.5	 
5.22	65.2	75.7	82.8	93.9	NaN	 
];
x.IFMCs = x.IFMCs';
