function x = MTprofile10_57hr10_Oct_2012
%created: 10_57hr10_Oct_2012

x.BFs = [1000];

x.LongTone = [4.19];
x.ShortTone = [6.52];

x.Gaps = [0.01      0.03      0.05      0.07      0.09];
x.TMCFreq = [1000];
x.TMC = [
19.1	 
22	 
40.1	 
NaN	 
NaN	 
];
x.TMC = x.TMC';

x.MaskerRatio = [0.5      0.7      0.9        1      1.1      1.3      1.6];
x.IFMCFreq = [1000];
x.IFMCs = [
62.8	 
43.9	 
24	 
18.1	 
19	 
30.4	 
51.1	 
];
x.IFMCs = x.IFMCs';
