function x = MTprofile10_51hr01_May_2012
%created: 10_51hr01_May_2012

x.BFs = [250   500  1000  2000  4000  6000];

x.LongTone = [9.14      5.37      4.65      4.03      3.25      4.72];
x.ShortTone = [12.8       8.9      9.16      10.7      8.89      11.9];

x.Gaps = [0.01      0.03      0.05      0.07      0.09];
x.TMCFreq = [250   500  1000  2000  4000  6000];
x.TMC = [
20.9	19.1	18.3	19.3	13.2	17.6	 
23.7	18.7	19.8	21.6	17.1	24.3	 
23	19.9	21.8	21.2	17.8	22.8	 
27	22.6	22.4	24.8	21.7	19.7	 
28.8	22.9	25.9	33.1	22.2	29.8	 
];
x.TMC = x.TMC';

x.MaskerRatio = [0.5      0.7      0.9        1      1.1      1.3      1.6];
x.IFMCFreq = [250   500  1000  2000  4000  6000];
x.IFMCs = [
34.5	44.6	62	61	59.4	60.7	 
28.3	32.2	43.5	50.2	43.7	45.9	 
23.8	21.5	23.4	26.1	20.5	29	 
21	17.3	18	18.4	17.1	18.3	 
20.1	16.9	19.5	21.4	20.5	28	 
21.1	20.4	29.9	39.5	44.1	54.4	 
24.7	34	70	79.4	90.2	107	 
];
x.IFMCs = x.IFMCs';
