function x = MTprofile13_12hr14_May_2012
%created: 13_12hr14_May_2012

x.BFs = [250   500  1000  2000  4000  6000];

x.LongTone = [42.8      34.7      31.6      36.7      36.8      39.2];
x.ShortTone = [47.6      39.7      38.7      44.6      44.6      43.7];

x.Gaps = [0.01      0.03      0.05      0.07      0.09];
x.TMCFreq = [250   500  1000  2000  4000  6000];
x.TMC = [
58	74.5	79.3	64.2	77.6	53.8	 
63.1	NaN	NaN	74.4	81.9	56.8	 
63.5	NaN	NaN	73.9	81.5	59.2	 
69.8	NaN	NaN	77.3	82.7	89.8	 
70.2	NaN	NaN	77.5	86.6	89.3	 
];
x.TMC = x.TMC';

x.MaskerRatio = [0.5      0.7      0.9        1      1.1      1.3      1.6];
x.IFMCFreq = [250   500  1000  2000  4000  6000];
x.IFMCs = [
63	80	91.3	65.9	66.2	63.3	 
58.9	80.4	84.5	60.1	57.1	50.4	 
58.6	72.3	75.7	64.2	63.4	57.7	 
57.2	78.6	77.4	69.5	78.6	55.5	 
62.2	75.4	78	70.7	61.4	62.1	 
63.8	78.7	87	80.3	84	89.4	 
51.1	79.5	NaN	83.2	98	NaN	 
];
x.IFMCs = x.IFMCs';
