function x = MTprofile8_3hr11_Oct_2012
%created: 8_3hr11_Oct_2012

x.BFs = [250   500  1000  2000  4000  6000];

x.LongTone = [17.1      12.8      14.6        19      16.5      19.9];
x.ShortTone = [20      16.6      17.9        22      20.1      21.9];

x.Gaps = [0.01      0.03      0.05      0.07      0.09];
x.TMCFreq = [250   500  1000  2000  4000  6000];
x.TMC = [
30	29	30.1	39.4	29.3	35.6	 
35.1	34.7	35.6	50.9	68.7	41.4	 
45.8	38.2	38.9	63.4	56.4	55.1	 
56.4	55.3	49.9	NaN	NaN	NaN	 
60.8	84.3	69	NaN	NaN	NaN	 
];
x.TMC = x.TMC';

x.MaskerRatio = [0.5      0.7      0.9        1      1.1      1.3      1.6];
x.IFMCFreq = [250   500  1000  2000  4000  6000];
x.IFMCs = [
40.6	52.9	63.7	74.3	75.3	73.2	 
38.4	40.8	41.7	64.6	65.9	65.2	 
32.9	32.9	31.4	47.9	44.3	38.8	 
31.5	31.5	29.8	34.2	35.1	34.9	 
29.7	30.3	29.5	38.6	33.3	38.4	 
31.5	30.1	40.6	52.8	50.8	57.5	 
36.1	51.8	80.9	94.3	NaN	NaN	 
];
x.IFMCs = x.IFMCs';
