function x = MTprofile17_46hr13_Oct_2012
%created: 17_46hr13_Oct_2012

x.BFs = [250   500  1000  2000  4000  6000];

x.LongTone = [12.4      7.96      8.09      12.1        14      16.4];
x.ShortTone = [15.6        12      12.7      17.6      17.5      19.8];

x.Gaps = [0.01      0.03      0.05      0.07      0.09];
x.TMCFreq = [250   500  1000  2000  4000  6000];
x.TMC = [
23.8	24.1	22.7	23.5	30.2	31	 
32	29.3	33.6	40.2	37.8	37.1	 
33.1	31.3	56.4	44.1	55.4	48.1	 
42.1	51.3	61.7	51.1	50.3	85.1	 
47.8	61.6	78.8	64.4	41.8	65.4	 
];
x.TMC = x.TMC';

x.MaskerRatio = [0.5      0.7      0.9        1      1.1      1.3      1.6];
x.IFMCFreq = [250   500  1000  2000  4000  6000];
x.IFMCs = [
36.9	46.9	60.7	69	69.2	72.7	 
33.1	34.7	38.8	59	61.6	63.7	 
26.1	23.8	31.4	41.5	37.9	42.2	 
25.8	22.5	26	29.5	33	32.8	 
23	22.3	23.6	34.6	30.3	34.8	 
24.7	25.1	44.1	55.2	52	61.5	 
28.1	68.6	79.7	90.8	NaN	NaN	 
];
x.IFMCs = x.IFMCs';
