function x = MTprofileDRNLa1_18_21hr22_May_2013
%created: 18_52hr22_May_2013

x.BFs = [250   500  1000  2000  4000  6000];

x.LongTone = [24.4        20      16.9       9.6      6.56      11.2];
x.ShortTone = [33.2      30.7      21.5      16.7        13      14.5];

x.Gaps = [0.01      0.03      0.05      0.07      0.09];
x.TMCFreq = [250   500  1000  2000  4000  6000];
x.TMC = [
52.1	52.7	44.3	39.8	54.7	92.9	 
60.2	52.8	43.1	48.5	71.7	NaN	 
63.4	55	45.4	49.2	NaN	NaN	 
66.2	68.7	52.9	46.8	NaN	NaN	 
68.6	59.7	47.8	52.9	NaN	NaN	 
];
x.TMC = x.TMC';

x.MaskerRatio = [0.5      0.7      0.9        1      1.1      1.3      1.6];
x.IFMCFreq = [250   500  1000  2000  4000  6000];
x.IFMCs = [
66.9	75.7	69.7	66.1	74.7	NaN	 
59.3	64.6	61.4	53.8	58.5	90.5	 
51.6	54.4	46.3	58.4	63.3	80.9	 
55.8	51.2	41.7	40.8	64	NaN	 
57.1	53	40.2	44.5	60.6	NaN	 
69	62.2	59.6	67.1	83	NaN	 
61	63.4	64.9	72.6	90.1	NaN	 
];
x.IFMCs = x.IFMCs';
