function x = MTprofile14_25hr05_Oct_2012
%created: 14_25hr05_Oct_2012

x.BFs = [1000];

x.LongTone = [16.6];
x.ShortTone = [17];

x.Gaps = [0.01      0.03      0.05      0.07      0.09];
x.TMCFreq = [1000];
x.TMC = [
16.3	 
17.8	 
17.9	 
19.8	 
17.8	 
];
x.TMC = x.TMC';

x.MaskerRatio = [0.5      0.7      0.9        1      1.1      1.3      1.6];
x.IFMCFreq = [1000];
x.IFMCs = [
67.3	 
39.9	 
21.3	 
16.6	 
17.6	 
28.6	 
72.9	 
];
x.IFMCs = x.IFMCs';
