function x = MTprofile17_38hr02_Apr_2013
%created: 17_38hr02_Apr_2013

x.BFs = [250   500  1000  2000  4000  6000];

x.LongTone = [18.1      14.5      11.3      9.05      9.06      11.1];
x.ShortTone = [24.5      19.4        16      14.3      13.6      17.2];

x.Gaps = [0.01      0.03      0.05      0.07      0.09];
x.TMCFreq = [250   500  1000  2000  4000  6000];
x.TMC = [
37.8	34.1	29.3	26.2	25.1	31.9	 
46.3	36.1	36.6	34.3	39.4	37.9	 
49.6	45.8	38.4	45.7	44.9	56.3	 
62.5	47.9	52.2	43.3	49.3	58.6	 
65.6	54.9	50.9	52.4	75.3	70.5	 
];
x.TMC = x.TMC';

x.MaskerRatio = [0.5      0.7      0.9        1      1.1      1.3      1.6];
x.IFMCFreq = [250   500  1000  2000  4000  6000];
x.IFMCs = [
55.2	65.4	63.6	54.4	55.2	55.7	 
43.6	51.7	57.4	52.4	46.4	52.3	 
38.6	39.1	36.7	58.5	53.4	46.3	 
36.5	33.4	28.8	29.5	29.8	32.2	 
37.5	30.5	30.4	34.3	32	42.3	 
37.8	58.9	57.9	62.3	68.8	76.4	 
44.5	57.7	62	72	76.3	81.8	 
];
x.IFMCs = x.IFMCs';
