function x = MTprofile11_44hr01_Apr_2013
%created: 11_44hr01_Apr_2013

x.BFs = [250   500  1000  2000  4000  6000];

x.LongTone = [8.86      4.73      1.39     0.164    -0.746       2.6];
x.ShortTone = [11.7      6.53      3.58       3.8      2.66      5.34];

x.Gaps = [0.01      0.03      0.05      0.07      0.09];
x.TMCFreq = [250   500  1000  2000  4000  6000];
x.TMC = [
28.2	21.2	19.9	24.9	24.4	23	 
32.1	25.9	23.1	30.3	44.9	34.3	 
33.1	29	30.2	65.8	48.4	39.1	 
60.8	42.4	63.7	NaN	NaN	59.3	 
87	68.9	75.8	NaN	NaN	NaN	 
];
x.TMC = x.TMC';

x.MaskerRatio = [0.5      0.7      0.9        1      1.1      1.3      1.6];
x.IFMCFreq = [250   500  1000  2000  4000  6000];
x.IFMCs = [
41.1	49.8	72.8	70	67.6	63.7	 
33.3	35.4	44.2	59.2	55.8	52.4	 
28	24.8	24.8	28.9	27.4	33.2	 
26.9	20.3	20	26.6	23.4	22.1	 
23.7	20.2	21	22.3	27.8	28.6	 
26	25.4	29.8	52.6	67.1	64.5	 
28.1	37.5	76.7	88.7	94.9	NaN	 
];
x.IFMCs = x.IFMCs';
