function x = MTprofileDRNLa1_19_7hr23_May_2013
%created: 19_34hr23_May_2013

x.BFs = [250   500  1000  2000  4000  6000];

x.LongTone = [24.4        20      15.9      7.97      8.56      10.9];
x.ShortTone = [27.7      22.9        18      16.4        13      14.5];

x.Gaps = [0.01      0.03      0.05      0.07      0.09];
x.TMCFreq = [250   500  1000  2000  4000  6000];
x.TMC = [
41.8	38.1	34.6	32.3	29.2	29.3	 
45.7	49.8	52.6	43.2	33.4	38.4	 
67.1	60.2	66.8	53.7	40.4	40	 
68.5	NaN	NaN	NaN	69.5	80.6	 
NaN	NaN	NaN	NaN	NaN	NaN	 
];
x.TMC = x.TMC';

x.MaskerRatio = [0.5      0.7      0.9        1      1.1      1.3      1.6];
x.IFMCFreq = [250   500  1000  2000  4000  6000];
x.IFMCs = [
51.3	63.2	60	54.3	48.9	44.2	 
46.6	50.1	52	44	38.4	36.5	 
44.4	41.1	39.3	51	36.1	38.2	 
42	36.8	35.3	33.7	26.6	29.7	 
39.8	37.6	36.6	32.4	32.3	35.7	 
44.5	52.8	52.5	58.3	60.7	67.6	 
48.1	52	58.6	61.6	68.2	74	 
];
x.IFMCs = x.IFMCs';
