function x = MTprofile10_29hr06_Apr_2013
%created: 10_29hr06_Apr_2013

x.BFs = [2000];

x.LongTone = [19.6];
x.ShortTone = [21.8];

x.Gaps = [0.01      0.03      0.05      0.07      0.09];
x.TMCFreq = [2000];
x.TMC = [
37.9	 
40.5	 
40	 
37.5	 
62.3	 
];
x.TMC = x.TMC';

x.MaskerRatio = [0.5      0.7      0.9        1      1.1      1.3      1.6];
x.IFMCFreq = [2000];
x.IFMCs = [
55.1	 
49.2	 
56.5	 
36.1	 
32.5	 
65.4	 
73.3	 
];
x.IFMCs = x.IFMCs';
