function x = MTprofile17_46hr25_Oct_2012
%created: 17_46hr25_Oct_2012

x.BFs = [1000];

x.LongTone = [47.5];
x.ShortTone = [52.2];

x.Gaps = [0.01      0.03      0.05      0.07      0.09];
x.TMCFreq = [1000];
x.TMC = [
69.1	 
77.5	 
NaN	 
NaN	 
NaN	 
];
x.TMC = x.TMC';

x.MaskerRatio = [0.5      0.7      0.9        1      1.1      1.3      1.6];
x.IFMCFreq = [1000];
x.IFMCs = [
84.5	 
73.2	 
80.6	 
76.3	 
76.1	 
89.9	 
102	 
];
x.IFMCs = x.IFMCs';
