function x = MTprofile10_37hr04_Apr_2013
%created: 10_37hr04_Apr_2013

x.BFs = [250   500  1000  2000  4000  6000];

x.LongTone = [21.1      16.2      11.7      12.3      11.5      15.2];
x.ShortTone = [24.7      19.2      14.8      14.8        14      17.6];

x.Gaps = [0.01      0.03      0.05      0.07      0.09];
x.TMCFreq = [250   500  1000  2000  4000  6000];
x.TMC = [
39.4	35.8	31.1	33.8	35	39	 
56.6	43.1	39.3	47.9	52.4	68.9	 
71	57.9	48.1	58.1	51.5	NaN	 
83.1	NaN	105	NaN	NaN	NaN	 
NaN	NaN	NaN	NaN	93.2	NaN	 
];
x.TMC = x.TMC';

x.MaskerRatio = [0.5      0.7      0.9        1      1.1      1.3      1.6];
x.IFMCFreq = [250   500  1000  2000  4000  6000];
x.IFMCs = [
52.8	63.7	61.6	55.5	54	54.5	 
44.9	47.8	53.8	47.5	44.6	48.9	 
41.3	38.8	36.7	54.2	44.2	45	 
41	35.9	29.9	33.6	33.2	33.3	 
42.1	35.8	34.2	37.6	37.5	39.6	 
38.2	56.1	55.3	64	68.2	77.8	 
47.6	53.8	61.5	73.4	77.3	83.2	 
];
x.IFMCs = x.IFMCs';
