function x = MTprofile17_53hr25_Oct_2012
%created: 17_53hr25_Oct_2012

x.BFs = [1000];

x.LongTone = [9.84];
x.ShortTone = [13.5];

x.Gaps = [0.01      0.03      0.05      0.07      0.09];
x.TMCFreq = [1000];
x.TMC = [
22.7	 
22.3	 
29	 
27.9	 
38.3	 
];
x.TMC = x.TMC';

x.MaskerRatio = [0.5      0.7      0.9        1      1.1      1.3      1.6];
x.IFMCFreq = [1000];
x.IFMCs = [
73.3	 
47.1	 
28.9	 
25	 
26.5	 
41.7	 
81.1	 
];
x.IFMCs = x.IFMCs';
