function x = MTprofile10_56hr28_Mar_2013
%created: 10_56hr28_Mar_2013

x.BFs = [250   500  1000  2000  4000  6000];

x.LongTone = [14.8      7.29      2.69      4.83      4.46       6.2];
x.ShortTone = [18.6      11.4      5.08      8.49      7.56      10.9];

x.Gaps = [0.01      0.03      0.05      0.07      0.09];
x.TMCFreq = [250   500  1000  2000  4000  6000];
x.TMC = [
34	32.8	29.3	26.5	28.2	32.4	 
34.7	41.2	49.4	34.6	39.9	58.8	 
46	73.5	62.7	49.4	59.3	70.4	 
54.2	NaN	NaN	62.8	73.5	NaN	 
60.1	NaN	NaN	NaN	NaN	NaN	 
];
x.TMC = x.TMC';

x.MaskerRatio = [0.5      0.7      0.9        1      1.1      1.3      1.6];
x.IFMCFreq = [250   500  1000  2000  4000  6000];
x.IFMCs = [
42.7	54.8	50.1	41.6	39.4	43.2	 
37.2	44.6	40.2	28.8	27.5	32.2	 
33.4	35.8	29	34.7	32.6	37.8	 
31.8	32.5	26.1	27.1	29.1	30.3	 
33.5	32.8	27.8	27.5	32	37.4	 
45.3	40.5	44	51.9	62.7	71.7	 
32.4	41.1	53.3	60.3	72.1	85	 
];
x.IFMCs = x.IFMCs';
