function x = MTprofile9_56hr03_Mar_2013
%created: 9_56hr03_Mar_2013

x.BFs = [1000];

x.LongTone = [5.52];
x.ShortTone = [7.25];

x.Gaps = [0.01      0.03      0.05      0.07      0.09];
x.TMCFreq = [1000];
x.TMC = [
8.37	 
9.65	 
10.2	 
11.8	 
11.9	 
];
x.TMC = x.TMC';

x.MaskerRatio = [0.5      0.7      0.9        1      1.1      1.3      1.6];
x.IFMCFreq = [1000];
x.IFMCs = [
58.7	 
42.2	 
13.3	 
7.57	 
9.73	 
19.9	 
61	 
];
x.IFMCs = x.IFMCs';
