function x = MTprofile10_29hr05_Mar_2013
%created: 10_29hr05_Mar_2013

x.BFs = [1000];

x.LongTone = [5.18];
x.ShortTone = [10.1];

x.Gaps = [0.01      0.03      0.05      0.07      0.09];
x.TMCFreq = [1000];
x.TMC = [
23.1	 
27.6	 
36.7	 
48.6	 
56.9	 
];
x.TMC = x.TMC';

x.MaskerRatio = [0.5      0.7      0.9        1      1.1      1.3      1.6];
x.IFMCFreq = [1000];
x.IFMCs = [
51	 
53	 
31.3	 
26.8	 
24.4	 
52.2	 
47.7	 
];
x.IFMCs = x.IFMCs';
