function x = MTprofile13_59hr13_Sep_2012
%created: 13_59hr13_Sep_2012

x.BFs = [250   500  1000  2000  4000  6000];

x.LongTone = [12.3      9.59      8.63      10.7      6.99      7.88];
x.ShortTone = [16.5      14.1      13.6      14.7      13.5      14.3];

x.Gaps = [0.01      0.03      0.05      0.07      0.09];
x.TMCFreq = [250   500  1000  2000  4000  6000];
x.TMC = [
26.4	24.9	25.6	26.5	27.5	24.6	 
28.3	28	27.7	28.3	28.4	28.4	 
31.1	30.2	31.5	32.1	32.4	33.4	 
31.9	40.1	30.9	42.7	98.7	38.7	 
31.5	48.1	35.7	53.1	72.4	52.3	 
];
x.TMC = x.TMC';

x.MaskerRatio = [0.5      0.7      0.9        1      1.1      1.3      1.6];
x.IFMCFreq = [250   500  1000  2000  4000  6000];
x.IFMCs = [
39.1	54.4	71.2	69	69.6	66.1	 
33.5	39.7	52.2	59.2	54.2	51.2	 
27.3	29.7	28.7	33.2	32.3	34.2	 
27.3	25.4	26.9	26	24.6	26.1	 
25.6	27	26.1	28.9	31.8	33.8	 
25.8	30.5	36.6	53.4	64.7	65.7	 
29.8	59.4	76.3	85.9	97	NaN	 
];
x.IFMCs = x.IFMCs';
