function x = MTprofile9_27hr21_Oct_2012
%created: 9_27hr21_Oct_2012

x.BFs = [250   500  1000  2000  4000  6000];

x.LongTone = [63.2      48.7      44.8      51.6      57.2      62.6];
x.ShortTone = [62.5      49.2      45.3      51.5      58.5      63.8];

x.Gaps = [0.01      0.03      0.05      0.07      0.09];
x.TMCFreq = [250   500  1000  2000  4000  6000];
x.TMC = [
58	60.1	51.7	54.6	64.9	82.7	 
57.8	NaN	NaN	99.5	NaN	NaN	 
59.6	NaN	NaN	NaN	NaN	NaN	 
57.2	NaN	NaN	NaN	NaN	NaN	 
59.2	NaN	NaN	NaN	NaN	NaN	 
];
x.TMC = x.TMC';

x.MaskerRatio = [0.5      0.7      0.9        1      1.1      1.3      1.6];
x.IFMCFreq = [250   500  1000  2000  4000  6000];
x.IFMCs = [
68.2	72.6	68.4	65.3	64.6	61.5	 
63.4	66.6	58.5	50.8	45.7	55.8	 
57.3	64.4	51.2	53.1	55.4	64.3	 
55.9	60.4	56.1	57.9	63.8	76.5	 
54.7	58.3	55.4	62.6	68.5	79.2	 
50.5	63.9	66.9	71.9	76.5	92.8	 
47.2	66.4	82.2	77.1	86.8	NaN	 
];
x.IFMCs = x.IFMCs';
