function x = MTprofile9_58hr28_Mar_2012
%created: 9_58hr28_Mar_2012

x.BFs = [250   500  1000  2000  4000  6000];

x.LongTone = [6.59     0.991    -0.546     -1.11   -0.0401       2.6];
x.ShortTone = [10.2      6.07       3.8      6.24      8.58      9.65];

x.Gaps = [0.01      0.03      0.05      0.07      0.09];
x.TMCFreq = [250   500  1000  2000  4000  6000];
x.TMC = [
14.5	12.2	10.2	13.5	11.1	14.7	 
15.1	11.4	11.3	14.6	12.6	16	 
16.4	12.4	10.1	15.8	16.6	17.8	 
15.9	15.1	11	15.5	20.4	17.3	 
19.1	13.1	14.6	16.4	19.1	22.6	 
];
x.TMC = x.TMC';

x.MaskerRatio = [0.5      0.7      0.9        1      1.1      1.3      1.6];
x.IFMCFreq = [250   500  1000  2000  4000  6000];
x.IFMCs = [
28.4	41.2	60.1	61.9	61.1	60.9	 
22.5	27.5	34	52.5	46.6	44.5	 
16.8	14.4	15.4	19.2	23.4	24.5	 
15.8	12.5	10.1	12.8	16.4	14.4	 
14.6	10.2	10.1	14.2	18	20.3	 
13.8	14.7	21.6	35.4	41.8	50.4	 
18.2	26.7	44	83.6	94.1	98	 
];
x.IFMCs = x.IFMCs';
