function x = MTprofile17_20hr25_Oct_2012
%created: 17_20hr25_Oct_2012

x.BFs = [250   500  1000  2000  4000  6000];

x.LongTone = [11.5      6.93      8.38      12.8      12.2        13];
x.ShortTone = [14.4      11.2        14      15.9      15.9      17.5];

x.Gaps = [0.01      0.03      0.05      0.07      0.09];
x.TMCFreq = [250   500  1000  2000  4000  6000];
x.TMC = [
26.4	28.5	30.1	30.6	30.1	27.8	 
30.4	29.7	37	36.6	52.8	37	 
34.3	34.2	48.2	46.7	68.7	89.6	 
39.1	51.5	51.6	51.3	78.5	NaN	 
53.6	67	NaN	71.4	NaN	NaN	 
];
x.TMC = x.TMC';

x.MaskerRatio = [0.5      0.7      0.9        1      1.1      1.3      1.6];
x.IFMCFreq = [250   500  1000  2000  4000  6000];
x.IFMCs = [
39.2	55	75.9	75.9	79.8	74.9	 
28.2	37.8	67	62.7	64.7	62.2	 
28.5	27.4	40.7	38.4	55.1	47.6	 
27.4	21.8	33.7	30.5	33.3	31.2	 
28.4	24.7	30.1	27.4	39	37.7	 
25.6	31.4	58.6	67.6	93.3	NaN	 
30.1	69.4	83	91.2	NaN	NaN	 
];
x.IFMCs = x.IFMCs';
