function x = MTprofile8_58hr04_Apr_2013
%created: 8_58hr04_Apr_2013

x.BFs = [250   500  1000  2000  4000  6000];

x.LongTone = [21.1      16.2      11.7      12.3      11.5      15.2];
x.ShortTone = [24.7      19.2      14.8      14.8        14      17.6];

x.Gaps = [0.01      0.03      0.05      0.07      0.09];
x.TMCFreq = [250   500  1000  2000  4000  6000];
x.TMC = [
41.7	37	34.2	36.7	30.4	42.2	 
63.1	51.2	51.3	57.6	64.3	88	 
93	98.9	78.3	NaN	102	NaN	 
NaN	NaN	NaN	NaN	NaN	NaN	 
NaN	NaN	NaN	NaN	NaN	NaN	 
];
x.TMC = x.TMC';

x.MaskerRatio = [0.5      0.7      0.9        1      1.1      1.3      1.6];
x.IFMCFreq = [250   500  1000  2000  4000  6000];
x.IFMCs = [
56.1	65.7	61.9	55.9	54.8	54.9	 
51.2	51.4	54.6	46.2	47.5	49.8	 
43.3	37.5	39.4	55.8	45.1	56.5	 
41.9	38.9	32.2	35.1	34.9	41.2	 
40.9	38.9	35.9	41.5	41.5	43.1	 
42.6	56.3	55.3	64.7	70	81.9	 
51.8	55.2	64.5	77.5	78.5	83.3	 
];
x.IFMCs = x.IFMCs';
