function x = MTprofile8_48hr29_Mar_2013
%created: 8_48hr29_Mar_2013

x.BFs = [250   500  1000  2000  4000  6000];

x.LongTone = [15.7      8.22      3.41      6.96      6.32      10.8];
x.ShortTone = [19.9        12      9.42        11      10.9      15.1];

x.Gaps = [0.01      0.03      0.05      0.07      0.09];
x.TMCFreq = [250   500  1000  2000  4000  6000];
x.TMC = [
31.8	27.5	44.1	30.4	48	40.6	 
34.9	31.5	49.7	41.5	54.6	62.5	 
37.7	40.7	70.9	46.1	60.6	66.6	 
39.8	48.4	85.6	50.6	64.9	70.2	 
45.7	53.8	NaN	58.6	64.5	73.1	 
];
x.TMC = x.TMC';

x.MaskerRatio = [0.5      0.7      0.9        1      1.1      1.3      1.6];
x.IFMCFreq = [250   500  1000  2000  4000  6000];
x.IFMCs = [
40.8	48.3	54.1	40.2	37.7	43.8	 
35	37.4	49.3	27.7	25.1	31.9	 
31.7	28.5	42.4	35.6	34.9	39.3	 
31.1	28.3	38.9	27.9	34.7	34.6	 
32.1	28.2	43.9	41.1	39.8	40	 
44.1	36.1	55.8	56.4	64.8	73.2	 
30.4	35.7	66	68	77.6	89.8	 
];
x.IFMCs = x.IFMCs';
