function x = MTprofile18_54hr24_Oct_2012
%created: 18_54hr24_Oct_2012

x.BFs = [250   500  1000  2000  4000  6000];

x.LongTone = [3.51    -0.164     -3.32     -4.36     -7.05     -5.84];
x.ShortTone = [5.97      1.43     0.471     -2.34     -4.13     -2.62];

x.Gaps = [0.01      0.03      0.05      0.07      0.09];
x.TMCFreq = [250   500  1000  2000  4000  6000];
x.TMC = [
19	13.5	23.2	12.4	10.1	11.1	 
28	21	42.8	26.7	52	17.2	 
66.1	39.4	NaN	52.4	NaN	78	 
NaN	87	NaN	NaN	NaN	NaN	 
NaN	NaN	NaN	NaN	NaN	NaN	 
];
x.TMC = x.TMC';

x.MaskerRatio = [0.5      0.7      0.9        1      1.1      1.3      1.6];
x.IFMCFreq = [250   500  1000  2000  4000  6000];
x.IFMCs = [
43.9	57.6	65.1	60.1	59	55.6	 
30.3	35.2	53.4	45.6	42	41.5	 
21.9	18.9	31.4	48.9	28.6	22.8	 
20.4	14.4	21.3	12.5	11.3	11.5	 
18.2	13	23.3	17.4	14	17.8	 
19.9	22.3	52.5	60.9	72.4	79.5	 
30.2	53.7	65.3	72.8	84.8	91.5	 
];
x.IFMCs = x.IFMCs';
