function x = MTprofile6_48hr27_Nov_2012
%created: 6_48hr27_Nov_2012

x.BFs = [4000];

x.LongTone = [28.8];
x.ShortTone = [45.4];

x.Gaps = [0.01      0.03      0.05      0.07      0.09];
x.TMCFreq = [4000];
x.TMC = [
22	 
24.2	 
36.9	 
NaN	 
21.3	 
];
x.TMC = x.TMC';

x.MaskerRatio = [0.5      0.7      0.9        1      1.1      1.3      1.6];
x.IFMCFreq = [4000];
x.IFMCs = [
62.7	 
19.1	 
53.8	 
18.1	 
-17.9	 
45.2	 
45.5	 
];
x.IFMCs = x.IFMCs';
