function x = MTprofile19_0hr15_Jul_2012
%created: 19_0hr15_Jul_2012

x.BFs = [250   500  1000  2000  4000  6000];

x.LongTone = [8.62      4.63      2.81      1.24     -1.13   -0.0138];
x.ShortTone = [12.2      7.77      6.08      5.19      1.74      2.95];

x.Gaps = [0.01      0.03      0.05      0.07      0.09];
x.TMCFreq = [250   500  1000  2000  4000  6000];
x.TMC = [
23.3	21.6	19.2	21	16.1	16.5	 
28.6	24.8	40.6	61.7	40.7	22.7	 
59.3	72.3	NaN	NaN	NaN	80.4	 
NaN	NaN	NaN	NaN	NaN	NaN	 
NaN	NaN	NaN	NaN	NaN	NaN	 
];
x.TMC = x.TMC';

x.MaskerRatio = [0.5      0.7      0.9        1      1.1      1.3      1.6];
x.IFMCFreq = [250   500  1000  2000  4000  6000];
x.IFMCs = [
38.9	50.3	64.8	62.3	59.7	55.5	 
32	34.7	50.9	50.9	43	39.6	 
27.3	23.2	26.2	27.5	24.3	24.9	 
23.7	20	19.3	19.5	15.3	16	 
23.8	19.8	20.6	22.3	20.5	23.7	 
24	24.1	35	50.6	48.5	53.7	 
27.7	57.3	66.9	76	86.3	94.2	 
];
x.IFMCs = x.IFMCs';
