function x = MTprofile20_0hr28_Mar_2013
%created: 20_0hr28_Mar_2013

x.BFs = [250   500  1000  2000  4000  6000];

x.LongTone = [15.7      8.97      4.13      6.95      6.16      9.97];
x.ShortTone = [19.8      13.4      8.14      9.78      12.1      16.2];

x.Gaps = [0.01      0.03      0.05      0.07      0.09];
x.TMCFreq = [250   500  1000  2000  4000  6000];
x.TMC = [
29.6	32.3	29.2	21	39.9	28	 
33.6	47.3	43.6	26.2	43	50.8	 
34.6	50.8	54.6	38	58.9	47.3	 
37.2	52.3	59.5	32.5	62.2	72.6	 
38.5	68.8	84.5	47.2	66.9	72.8	 
];
x.TMC = x.TMC';

x.MaskerRatio = [0.5      0.7      0.9        1      1.1      1.3      1.6];
x.IFMCFreq = [250   500  1000  2000  4000  6000];
x.IFMCs = [
38.3	53.1	51.7	36.2	36	40.2	 
33.7	40.7	40.4	22.2	21.4	26	 
31.1	34.4	35.9	30.7	31.4	41.2	 
29.1	30.8	30.9	20.3	30	33.1	 
30.9	31.4	34.8	21.1	33.4	42.9	 
38.3	36.2	46.1	42.9	65.3	72.4	 
27.1	38.6	56.4	55.1	74.6	93.3	 
];
x.IFMCs = x.IFMCs';
