function x = MTprofile7_20hr19_Apr_2013
%created: 7_20hr19_Apr_2013

x.BFs = [1000];

x.LongTone = [16.2];
x.ShortTone = [17.8];

x.Gaps = [0.01      0.03      0.05      0.07      0.09];
x.TMCFreq = [1000];
x.TMC = [
29.2	 
30.5	 
30.4	 
32.2	 
35.4	 
];
x.TMC = x.TMC';

x.MaskerRatio = [0.5      0.7      0.9        1      1.1      1.3      1.6];
x.IFMCFreq = [1000];
x.IFMCs = [
59.2	 
52.1	 
34.3	 
27.6	 
29.7	 
47.4	 
57	 
];
x.IFMCs = x.IFMCs';
