function x = MTprofile11_14hr21_Nov_2012
%created: 11_14hr21_Nov_2012

x.BFs = [250   500  1000  2000  4000  6000];

x.LongTone = [18.1      15.5      18.5        24      25.6        27];
x.ShortTone = [22.7      18.9      21.9      31.2      32.6      32.5];

x.Gaps = [0.01      0.03      0.05      0.07      0.09];
x.TMCFreq = [250   500  1000  2000  4000  6000];
x.TMC = [
36.6	34.6	42.5	49.5	39.3	86.2	 
42.9	34.1	54.4	50.9	55.9	58.1	 
55.6	56.2	NaN	68.1	54	74.7	 
86.6	71.5	84.1	71.8	44.4	99.9	 
NaN	NaN	NaN	88.5	58.7	70.7	 
];
x.TMC = x.TMC';

x.MaskerRatio = [0.5      0.7      0.9        1      1.1      1.3      1.6];
x.IFMCFreq = [250   500  1000  2000  4000  6000];
x.IFMCs = [
44.3	52.1	69	69.3	71.4	72.2	 
41	40.5	51.3	58.3	61.5	69.2	 
38.1	32.5	41.7	56.7	44.5	70.4	 
37.7	31.7	41.7	42	42.6	52.5	 
34.4	29.5	41.8	45.7	41.1	45.4	 
35.7	35.7	59.9	56.9	62.2	54	 
40.3	68.6	85.9	93.4	98.9	NaN	 
];
x.IFMCs = x.IFMCs';
