function x = MTprofile9_43hr05_Mar_2013
%created: 9_43hr05_Mar_2013

x.BFs = [1000];

x.LongTone = [3.54];
x.ShortTone = [11.7];

x.Gaps = [0.01      0.03      0.05      0.07      0.09];
x.TMCFreq = [1000];
x.TMC = [
31.6	 
45.1	 
51.6	 
59.6	 
NaN	 
];
x.TMC = x.TMC';

x.MaskerRatio = [0.5      0.7      0.9        1      1.1      1.3      1.6];
x.IFMCFreq = [1000];
x.IFMCs = [
67.1	 
51.1	 
35.7	 
27.7	 
35.3	 
47.3	 
70.3	 
];
x.IFMCs = x.IFMCs';
