function x = MTprofile11_9hr01_Apr_2013
%created: 11_9hr01_Apr_2013

x.BFs = [2000];

x.LongTone = [-1.66];
x.ShortTone = [0.246];

x.Gaps = [0.01      0.03      0.05      0.07      0.09];
x.TMCFreq = [2000];
x.TMC = [
15.4	 
20.7	 
23	 
19.9	 
29.2	 
];
x.TMC = x.TMC';

x.MaskerRatio = [0.5      0.7      0.9        1      1.1      1.3      1.6];
x.IFMCFreq = [2000];
x.IFMCs = [
61.8	 
50.5	 
21.3	 
14.4	 
15.6	 
33.6	 
83.1	 
];
x.IFMCs = x.IFMCs';
