function x = MTprofile7_3hr04_May_2012
%created: 7_3hr04_May_2012

x.BFs = [250   500  1000  2000  4000  6000];

x.LongTone = [1.99     -2.18     -4.28     -2.05     -3.68     -2.26];
x.ShortTone = [4.68      2.13    -0.134      3.96      2.43      5.32];

x.Gaps = [0.01      0.03      0.05      0.07      0.09];
x.TMCFreq = [250   500  1000  2000  4000  6000];
x.TMC = [
13.1	13.6	10.7	16.6	8.69	17.7	 
16.9	17.3	19.7	37.3	12.7	23	 
18	44.1	24.3	49.7	20.3	25.7	 
21.9	44	36.8	43	22	31.3	 
25.7	46.6	42.7	52.7	48	41.2	 
];
x.TMC = x.TMC';

x.MaskerRatio = [0.5      0.7      0.9        1      1.1      1.3      1.6];
x.IFMCFreq = [250   500  1000  2000  4000  6000];
x.IFMCs = [
25.9	41	43.1	43.5	43.8	46.2	 
20.9	26.4	33	32.6	30	30.6	 
15.3	15.6	16.7	40.7	34.8	19.7	 
14.6	12.8	17.4	17.6	12.8	16	 
14.8	14.4	12.7	16	18	25.7	 
15.1	20.5	28.3	54.2	55	55.5	 
18.9	40	51.2	65.7	71.4	90.3	 
];
x.IFMCs = x.IFMCs';
