function x = MTprofile18_26hr24_Oct_2012
%created: 18_26hr24_Oct_2012

x.BFs = [250   500  1000  2000  4000  6000];

x.LongTone = [2.41     -1.35     -4.11      -4.1     -7.15     -6.35];
x.ShortTone = [5.37      1.86    -0.228    -0.677     -5.36     -2.82];

x.Gaps = [0.01      0.03      0.05      0.07      0.09];
x.TMCFreq = [250   500  1000  2000  4000  6000];
x.TMC = [
17.5	13.8	13.5	13.4	7.05	11	 
20.8	20.7	18.3	30.2	11	15.4	 
27.8	28.1	75.6	NaN	33.2	46.2	 
81.4	NaN	NaN	NaN	NaN	NaN	 
NaN	NaN	NaN	NaN	NaN	NaN	 
];
x.TMC = x.TMC';

x.MaskerRatio = [0.5      0.7      0.9        1      1.1      1.3      1.6];
x.IFMCFreq = [250   500  1000  2000  4000  6000];
x.IFMCs = [
31.2	45.1	61.8	63.5	57.1	57	 
23.2	28.5	41	51.2	39.2	39	 
19	17.1	17.2	20.4	15.5	18.9	 
17.2	14.4	11.5	14.2	6.53	11.2	 
16	13.9	13.6	19.8	12.2	16.7	 
16	18.2	25	47.8	37.9	46.6	 
20.7	30.1	67.4	77	83.9	93.9	 
];
x.IFMCs = x.IFMCs';
