function x = MTprofile8_8hr03_Apr_2013
%created: 8_8hr03_Apr_2013

x.BFs = [250   500  1000  2000  4000  6000];

x.LongTone = [17.9      15.2      11.3      9.05      9.06      11.6];
x.ShortTone = [24.5      19.7        16      15.3      13.6      16.9];

x.Gaps = [0.01      0.03      0.05      0.07      0.09];
x.TMCFreq = [250   500  1000  2000  4000  6000];
x.TMC = [
37.8	34.1	35.2	29.1	33.2	32.8	 
43.3	39.4	36	38.9	30.7	42	 
49.1	43.8	40.6	52.7	52.3	40.1	 
53.5	50.9	43.4	62.6	56.3	60.8	 
65.6	58.9	63.9	82.4	84.8	83.3	 
];
x.TMC = x.TMC';

x.MaskerRatio = [0.5      0.7      0.9        1      1.1      1.3      1.6];
x.IFMCFreq = [250   500  1000  2000  4000  6000];
x.IFMCs = [
52.3	71.4	70.3	64.4	61.6	60.4	 
45.4	56	65.6	59	53.3	58.3	 
37.2	36.3	38.6	68.1	45	48	 
37	34.1	29.2	33.8	30.2	32.5	 
34.5	32.6	31.1	36.1	32.9	38.5	 
38.7	39.7	66.4	75.5	78.7	85.3	 
41.6	65.7	72	77.6	84.8	90.8	 
];
x.IFMCs = x.IFMCs';
