function x = MTprofileDRNLa1_9_17hr23_May_2013
%created: 9_45hr23_May_2013

x.BFs = [250   500  1000  2000  4000  6000];

x.LongTone = [23.9        20      15.9      7.97      7.31      10.9];
x.ShortTone = [27.7      23.2        18      16.4        13      14.5];

x.Gaps = [0.01      0.03      0.05      0.07      0.09];
x.TMCFreq = [250   500  1000  2000  4000  6000];
x.TMC = [
42.8	38	33.1	33.7	26.7	30.5	 
48.7	53	43.8	42.7	34.6	35.5	 
62.1	57.8	79.8	58.9	39.3	41.5	 
84.8	NaN	88.9	NaN	70.8	73.3	 
NaN	NaN	NaN	NaN	NaN	NaN	 
];
x.TMC = x.TMC';

x.MaskerRatio = [0.5      0.7      0.9        1      1.1      1.3      1.6];
x.IFMCFreq = [250   500  1000  2000  4000  6000];
x.IFMCs = [
55.8	65.3	60.1	55.8	49.2	46.7	 
50.5	53.7	53.5	46.2	40.8	39.2	 
45	41.8	40.3	52.2	37.6	38.2	 
40.8	38.6	33.4	33.4	28.4	31.1	 
41.3	38.5	34.9	34.5	31.6	35.7	 
42.6	53.6	54.9	59.1	63.4	69.7	 
50	54.6	59.3	62.9	69.6	76.3	 
];
x.IFMCs = x.IFMCs';
