function x = MTprofile19_42hr17_Oct_2012
%created: 19_42hr17_Oct_2012

x.BFs = [250   500  1000  2000  4000  6000];

x.LongTone = [25.8      21.2      19.5      26.3      27.3      30.1];
x.ShortTone = [28.4      24.1      23.5      29.8      30.7      31.9];

x.Gaps = [0.01      0.03      0.05      0.07      0.09];
x.TMCFreq = [250   500  1000  2000  4000  6000];
x.TMC = [
40.5	35	32.3	43.3	43.1	45.7	 
51.1	56.5	51.1	52.9	63.5	74.2	 
76.5	69	55.3	31.9	70.3	NaN	 
NaN	84.4	63.8	53.1	71.6	NaN	 
NaN	NaN	NaN	53.1	92.7	NaN	 
];
x.TMC = x.TMC';

x.MaskerRatio = [0.5      0.7      0.9        1      1.1      1.3      1.6];
x.IFMCFreq = [250   500  1000  2000  4000  6000];
x.IFMCs = [
50.6	59.4	62.7	58.1	71	69.4	 
42.4	45	50.3	52.2	55.7	57.4	 
42.4	36.9	38.5	41.4	68.7	72.1	 
40.3	36.7	34.3	36.9	39.2	45.9	 
37.6	35.6	34.4	38.1	41.2	53.4	 
40	45.8	51.7	55.9	73.3	78.1	 
42.6	59.7	73.5	81.3	96.7	NaN	 
];
x.IFMCs = x.IFMCs';
