function x = MTprofile14_21hr01_Apr_2013
%created: 14_21hr01_Apr_2013

x.BFs = [250   500  1000  2000  4000  6000];

x.LongTone = [8.86      4.73      1.39     0.164    -0.746       2.6];
x.ShortTone = [11.7      6.53      3.58       3.8      2.66      5.34];

x.Gaps = [0.01      0.03      0.05      0.07      0.09];
x.TMCFreq = [250   500  1000  2000  4000  6000];
x.TMC = [
23	18.1	14.3	14.7	15	18.8	 
22.6	19.6	16.1	21.8	21.9	20.7	 
27.9	22.1	19.7	23.1	19.4	26.9	 
32.2	24.4	22.7	32	49.3	27.5	 
37	31.1	28.7	34.6	51.6	35.7	 
];
x.TMC = x.TMC';

x.MaskerRatio = [0.5      0.7      0.9        1      1.1      1.3      1.6];
x.IFMCFreq = [250   500  1000  2000  4000  6000];
x.IFMCs = [
35	46.3	65.4	60.5	57.5	50.4	 
29.3	32.7	40.7	49.5	44.9	46.7	 
23.4	20.8	20.7	24.3	23.3	28.1	 
21.6	17.3	15.5	17.3	15.5	19.7	 
20.3	17.3	15.1	18.6	19.4	24.2	 
21.9	20.7	26.3	37.7	46.1	53.6	 
25.7	31.2	46.4	78.5	85.2	90.4	 
];
x.IFMCs = x.IFMCs';
