function x = MTprofile11_59hr15_May_2012
%created: 11_59hr15_May_2012

x.BFs = [250   500  1000  2000  4000  6000];

x.LongTone = [53.2      40.9      40.3      41.1      40.8      47.7];
x.ShortTone = [54.9      43.9      44.5        47      46.7      55.1];

x.Gaps = [0.01      0.03      0.05      0.07      0.09];
x.TMCFreq = [250   500  1000  2000  4000  6000];
x.TMC = [
101	88.5	87.5	71.9	67.2	81.3	 
105	91.9	101	80.7	73.8	91	 
NaN	93.9	NaN	81.1	73.4	NaN	 
NaN	94.8	NaN	90.1	78.6	NaN	 
NaN	96.3	NaN	88.8	78.7	NaN	 
];
x.TMC = x.TMC';

x.MaskerRatio = [0.5      0.7      0.9        1      1.1      1.3      1.6];
x.IFMCFreq = [250   500  1000  2000  4000  6000];
x.IFMCs = [
NaN	101	88.2	94.7	99.8	96.3	 
NaN	93.5	86	84.9	87.1	81	 
103	89.5	85.8	74.4	72.4	74.7	 
101	88.1	86.8	74.3	67.7	79	 
98.9	87.9	86.8	73.2	70.3	87.1	 
95.1	88.8	95.1	81.7	82.7	97.7	 
92.3	92.3	NaN	93.7	98.1	NaN	 
];
x.IFMCs = x.IFMCs';
