function x = MTprofile19_1hr23_Nov_2012
%created: 19_1hr23_Nov_2012

x.BFs = [250   500  1000  2000  4000  6000];

x.LongTone = [1.62     -2.85     -4.48    0.0399      2.53      5.56];
x.ShortTone = [5.29     0.571      2.45      5.76      7.71      8.83];

x.Gaps = [0.01      0.03      0.05      0.07      0.09];
x.TMCFreq = [250   500  1000  2000  4000  6000];
x.TMC = [
15.7	12.8	16	19.4	23.5	21.4	 
23.2	14.8	21.9	21.4	47.7	30.7	 
29.1	22	45.3	25	NaN	NaN	 
40.2	43.3	66.3	53.2	NaN	NaN	 
39.7	53.7	NaN	NaN	NaN	NaN	 
];
x.TMC = x.TMC';

x.MaskerRatio = [0.5      0.7      0.9        1      1.1      1.3      1.6];
x.IFMCFreq = [250   500  1000  2000  4000  6000];
x.IFMCs = [
26.3	32.6	43.7	59.5	69.8	64.8	 
21.8	21.5	29.1	35.7	64.1	65.9	 
17.1	15.3	18.6	21.3	27.2	28	 
17	14.6	19.4	17.4	25.3	23.2	 
15.3	13.6	18.5	19.9	23.4	25.4	 
17.6	14.1	24.2	26.5	40.5	36.5	 
19.5	21.2	45	53.1	71.1	87.4	 
];
x.IFMCs = x.IFMCs';
