function x = MTprofile10_9hr05_Mar_2013
%created: 10_9hr05_Mar_2013

x.BFs = [1000];

x.LongTone = [3.94];
x.ShortTone = [9.72];

x.Gaps = [0.01      0.03      0.05      0.07      0.09];
x.TMCFreq = [1000];
x.TMC = [
21.2	 
30.5	 
33.5	 
47.7	 
52.4	 
];
x.TMC = x.TMC';

x.MaskerRatio = [0.5      0.7      0.9        1      1.1      1.3      1.6];
x.IFMCFreq = [1000];
x.IFMCs = [
61.7	 
54.9	 
28.6	 
23.8	 
23.2	 
55.5	 
59.4	 
];
x.IFMCs = x.IFMCs';
