function x = MTprofile17_52hr22_Nov_2012
%created: 17_52hr22_Nov_2012

x.BFs = [1000];

x.LongTone = [12.8];
x.ShortTone = [16.6];

x.Gaps = [0.01      0.03      0.05      0.07      0.09];
x.TMCFreq = [1000];
x.TMC = [
29.6	 
40.8	 
52.9	 
61.9	 
52.3	 
];
x.TMC = x.TMC';

x.MaskerRatio = [0.5      0.7      0.9        1      1.1      1.3      1.6];
x.IFMCFreq = [1000];
x.IFMCs = [
58.9	 
49.6	 
28.3	 
29	 
29.5	 
35.1	 
81.9	 
];
x.IFMCs = x.IFMCs';
