function x = MTprofile17_13hr20_Nov_2012
%created: 17_13hr20_Nov_2012

x.BFs = [1000];

x.LongTone = [3.34];
x.ShortTone = [9.5];

x.Gaps = [0.01      0.03      0.05      0.07      0.09];
x.TMCFreq = [1000];
x.TMC = [
26.2	 
32.6	 
29.8	 
53.3	 
68.9	 
];
x.TMC = x.TMC';

x.MaskerRatio = [0.5      0.7      0.9        1      1.1      1.3      1.6];
x.IFMCFreq = [1000];
x.IFMCs = [
49.3	 
37.2	 
22.5	 
27.7	 
24.5	 
36.3	 
61.1	 
];
x.IFMCs = x.IFMCs';
