function x = MTprofile15_41hr09_Mar_2012
%created: 15_41hr09_Mar_2012

x.BFs = [250   500  1000  2000  4000  8000];

x.LongTone = [5.06      1.28      2.65      3.95      9.39      14.7];
x.ShortTone = [9.75      8.64       6.2      11.2      17.7      20.6];

x.Gaps = [0.01      0.03      0.05      0.07      0.09];
x.TMCFreq = [250   500  1000  2000  4000  8000];
x.TMC = [
19.7	24.2	22.4	43.1	30.1	32.1	 
31.4	52.7	30.7	60.8	63.5	34.3	 
38.5	62.4	49.9	65.6	70.8	60	 
65.6	85.4	58.6	74	84.1	49.7	 
92.1	83.4	49	76.9	44.3	45	 
];
x.TMC = x.TMC';

x.MaskerRatio = [0.5      0.7      0.9        1      1.1      1.3      1.6];
x.IFMCFreq = [250   500  1000  2000  4000  8000];
x.IFMCs = [
27.5	47.3	56.8	60.6	63.1	65.6	 
23.9	37.8	39.4	63.2	70.6	74	 
23.1	27.3	25.9	24.9	54.1	34.9	 
21.4	25.3	20.7	28.8	43.8	32.2	 
21.6	23.9	21.9	52.2	45.6	23.6	 
20.7	35.3	30.5	69.3	52.6	40.8	 
26.7	51.7	72.7	79.5	86.8	86.8	 
];
x.IFMCs = x.IFMCs';
