function x = MTprofile16_27hr22_Nov_2012
%created: 16_27hr22_Nov_2012

x.BFs = [1000];

x.LongTone = [47.9];
x.ShortTone = [49.6];

x.Gaps = [0.01      0.03      0.05      0.07      0.09];
x.TMCFreq = [1000];
x.TMC = [
56.3	 
64	 
102	 
NaN	 
NaN	 
];
x.TMC = x.TMC';

x.MaskerRatio = [0.5      0.7      0.9        1      1.1      1.3      1.6];
x.IFMCFreq = [1000];
x.IFMCs = [
78.2	 
65.3	 
55.5	 
58.9	 
57.9	 
65.1	 
76.1	 
];
x.IFMCs = x.IFMCs';
