function x = MTprofile20_52hr01_Apr_2013
%created: 20_52hr01_Apr_2013

x.BFs = [250   500  1000  2000  4000  6000];

x.LongTone = [22.1      16.1      11.5        11      11.9      14.2];
x.ShortTone = [24.3        19      15.6      15.2      15.2      18.3];

x.Gaps = [0.01      0.03      0.05      0.07      0.09];
x.TMCFreq = [250   500  1000  2000  4000  6000];
x.TMC = [
38.2	33.4	32.4	33	34.6	34.2	 
38.7	37.3	35.7	43.8	48.4	40.9	 
42.9	40.3	46.1	51.9	74.7	49.2	 
53.6	46.2	82.7	66	101	89.4	 
65.2	73.1	NaN	92	NaN	NaN	 
];
x.TMC = x.TMC';

x.MaskerRatio = [0.5      0.7      0.9        1      1.1      1.3      1.6];
x.IFMCFreq = [250   500  1000  2000  4000  6000];
x.IFMCs = [
48.8	61.7	61.1	53.8	51.8	53.3	 
45	48	53.6	45.3	43.9	46.7	 
36.3	34.9	36.5	54.9	41.3	46.1	 
34.8	32.3	30.8	29.1	34.5	35.4	 
36	32.8	33.8	35.9	32.4	40.6	 
36.4	40.2	52.2	64.6	70	75.8	 
41.1	53.1	62	70.4	78.3	82.8	 
];
x.IFMCs = x.IFMCs';
