function x = MTprofile19_16hr30_Aug_2012
%created: 19_16hr30_Aug_2012

x.BFs = [250   500  1000  2000  4000  6000];

x.LongTone = [9.4      3.77      2.87      1.34     -1.36      2.18];
x.ShortTone = [11.2      7.61      5.56      4.33      1.16      5.36];

x.Gaps = [0.01      0.03      0.05      0.07      0.09];
x.TMCFreq = [250   500  1000  2000  4000  6000];
x.TMC = [
23	21.9	18.9	17.3	15.2	18.9	 
24.6	22.6	31.4	32.3	19.8	46.3	 
29.2	29.8	49.8	79.6	95.1	NaN	 
40.4	36.2	64.8	NaN	NaN	NaN	 
44	45.5	67.2	NaN	NaN	NaN	 
];
x.TMC = x.TMC';

x.MaskerRatio = [0.5      0.7      0.9        1      1.1      1.3      1.6];
x.IFMCFreq = [250   500  1000  2000  4000  6000];
x.IFMCs = [
40.1	49.2	59.9	60.6	57.5	53.8	 
32.5	37	45	48.6	41.7	41.5	 
26.5	23.9	23.4	25.6	22.7	26.5	 
22.4	20.2	18.3	20	13.8	20.6	 
21.8	23.3	23.2	24.3	19.1	33.1	 
21.8	30.9	62.6	67.9	47.2	84	 
25.6	55.4	66.5	74.7	84.7	94.4	 
];
x.IFMCs = x.IFMCs';
