function x = profile_THO_L									
x.Comments= {									
	};								
x.BFs= [   									
	250	500	1000	2000	4000	6000	8000		
	];								
x.LongTone= [ 									
	31.82	27.05	28.86	41.14	57.40	62.72	73.91		
	];								
x.ShortTone= [ 									
	41.81	35.93	34.47	47.49	61.08	67.24	78.63		
	];								
x.IFMCFreq= [									
	250	500	1000	2000	4000	6000	8000		
	];								
x.MaskerRatio=[    									
	0.5	0.7	0.9	1	1.1	1.3	1.6		
	];								
x.IFMCs=[									
	NaN	75.14	64.91	79.55	84.61	82.09	NaN		
	NaN	62.93	45.45	63.04	74.68	76.83	NaN		
	NaN	55.19	33.79	61.46	70.90	77.58	NaN		
	NaN	49.45	42.19	47.14	66.52	81.55	NaN		
	NaN	50.34	48.36	61.33	68.36	80.50	NaN		
	NaN	72.03	71.07	82.06	71.81	88.59	NaN		
	NaN	87.42	70.94	84.59	NaN	NaN	NaN		
	];								
x.IFMCs= x.IFMCs';									
x.Gaps= [									
	0.01	0.02	0.03	0.04	0.05	0.06	0.07	0.08	0.09
	];								
x.TMCFreq= [									
	250	500	1000	2000	4000	6000	8000		
	];								
x.TMC= [									
	NaN	NaN	NaN	NaN	NaN	NaN	NaN		
	NaN	28.37	55.86	65.80	79.76	70.66	NaN		
	NaN	NaN	NaN	NaN	NaN	NaN	NaN		
	NaN	29.81	72.38	77.42	85.58	80.05	NaN		
	NaN	60.67	76.76	80.06	87.40	85.69	NaN		
	NaN	45.48	79.69	85.38	89.18	88.38	NaN		
	NaN	NaN	NaN	NaN	NaN	NaN	NaN		
	NaN	47.55	78.49	90.96	NaN	91.40	NaN		
	NaN	NaN	NaN	NaN	NaN	NaN	NaN		
	];								
x.TMC = x.TMC';									
