function x = profile_SBO_L									
x.Comments= {									
	};								
x.BFs= [   									
	250	500	1000	2000	4000	6000	8000		
	];								
x.LongTone= [ 									
	46.60	45.20	37.40	39.70	59.00	70.30	NaN		
	];								
x.ShortTone= [ 									
	51.60	49.50	42.28	41.54	61.87	65.46	NaN		
	];								
x.IFMCFreq= [									
	250	500	1000	2000	4000	6000	8000		
	];								
x.MaskerRatio=[    									
	0.5	0.7	0.9	1	1.1	1.3	1.6		
	];								
x.IFMCs=[									
	NaN	NaN	NaN	NaN	NaN	NaN	NaN		
	57.21	50.64	42.70	40.45	51.77	62.81	NaN		
	54.40	53.34	38.15	43.02	53.78	63.57	NaN		
	54.14	57.84	41.07	44.78	61.23	67.42	NaN		
	52.69	50.09	37.48	49.36	60.20	72.97	NaN		
	49.72	51.46	38.96	50.01	62.24	NaN	NaN		
	NaN	NaN	NaN	NaN	NaN	NaN	NaN		
	];								
x.IFMCs= x.IFMCs';									
x.Gaps= [									
	0.01	0.02	0.03	0.04	0.05	0.06	0.07	0.08	0.09
	];								
x.TMCFreq= [									
	250	500	1000	2000	4000	6000	8000		
	];								
x.TMC= [									
	NaN	NaN	NaN	NaN	NaN	NaN	NaN		
	NaN	54.04	43.27	45.86	63.59	72.01	NaN		
	NaN	NaN	NaN	NaN	NaN	NaN	NaN		
	NaN	NaN	NaN	NaN	NaN	NaN	NaN		
	NaN	53.69	42.95	45.99	62.11	72.44	NaN		
	NaN	NaN	NaN	NaN	NaN	NaN	NaN		
	NaN	NaN	NaN	NaN	NaN	NaN	NaN		
	NaN	50.30	41.70	43.65	61.65	71.86	NaN		
	NaN	NaN	NaN	NaN	NaN	NaN	NaN		
	];								
x.TMC = x.TMC';									
