function x = profile_JFI_L									
x.Comments= {									
	};								
x.BFs= [   									
	250	500	1000	2000	4000	6000	8000		
	];								
x.LongTone= [ 									
	34.37	34.62	28.31	14.49	22.81	31.90	46.26		
	];								
x.ShortTone= [ 									
	39.88	36.69	29.98	17.32	26.46	33.61	46.83		
	];								
x.IFMCFreq= [									
	250	500	1000	2000	4000	6000	8000		
	];								
x.MaskerRatio=[    									
	0.5	0.7	0.9	1	1.1	1.3	1.6		
	];								
x.IFMCs=[									
	NaN	72.82	80.57	80.87	80.92	74.23	82.13		
	NaN	61.46	66.53	65.52	63.99	69.25	75.74		
	NaN	51.67	48.10	43.79	40.47	47.62	60.39		
	NaN	48.36	40.53	27.75	35.85	39.25	54.55		
	NaN	52.16	48.36	42.17	47.58	45.98	NaN		
	NaN	69.68	93.45	64.99	79.58	61.69	NaN		
	NaN	87.16	NaN	90.30	87.89	NaN	NaN		
	];								
x.IFMCs= x.IFMCs';									
x.Gaps= [									
	0.01	0.02	0.03	0.04	0.05	0.06	0.07	0.08	0.09
	];								
x.TMCFreq= [									
	250	500	1000	2000	4000	6000	8000		
	];								
x.TMC= [									
	NaN	NaN	NaN	NaN	NaN	NaN	NaN		
	NaN	53.57	46.06	40.62	40.48	51.04	58.16		
	NaN	NaN	NaN	NaN	NaN	NaN	NaN		
	NaN	59.07	56.72	50.82	52.41	64.49	71.00		
	NaN	64.66	56.50	53.24	57.99	72.13	68.13		
	NaN	69.19	58.28	60.98	69.62	71.31	67.89		
	NaN	NaN	NaN	NaN	NaN	NaN	NaN		
	NaN	76.46	64.37	61.24	75.35	82.26	81.84		
	NaN	NaN	NaN	NaN	NaN	NaN	NaN		
	];								
x.TMC = x.TMC';									
