function x = profile_SKE_L									
x.Comments= {									
	};								
x.BFs= [   									
	250	500	1000	2000	4000	6000	8000		
	];								
x.LongTone= [ 									
	16.19	4.94	2.06	7.84	7.50	25.58	36.24		
	];								
x.ShortTone= [ 									
	25.62	12.43	12.06	14.63	7.85	25.92	38.83		
	];								
x.IFMCFreq= [									
	250	500	1000	2000	4000	6000	8000		
	];								
x.MaskerRatio=[    									
	0.5	0.7	0.9	1	1.1	1.3	1.6		
	];								
x.IFMCs=[									
	NaN	30.80	38.00	54.40	48.90	63.19	NaN		
	NaN	21.99	26.45	46.40	32.79	56.43	NaN		
	NaN	14.21	19.35	20.02	14.03	42.55	NaN		
	NaN	9.60	14.54	16.50	2.45	31.72	NaN		
	NaN	10.07	21.89	33.25	6.63	43.83	NaN		
	NaN	27.25	24.45	54.45	22.91	75.87	NaN		
	NaN	40.73	45.31	32.00	33.71	57.41	NaN		
	];								
x.IFMCs= x.IFMCs';									
x.Gaps= [									
	0.01	0.02	0.03	0.04	0.05	0.06	0.07	0.08	0.09
	];								
x.TMCFreq= [									
	250	500	1000	2000	4000	6000	8000		
	];								
x.TMC= [									
	NaN	NaN	NaN	NaN	NaN	NaN	NaN		
	NaN	24.39	19.64	23.65	16.95	37.87	NaN		
	NaN	NaN	NaN	NaN	NaN	NaN	NaN		
	NaN	31.94	23.58	26.92	28.60	44.27	NaN		
	NaN	31.89	29.78	28.63	34.99	41.04	NaN		
	NaN	38.96	23.33	35.67	41.45	46.92	NaN		
	NaN	NaN	NaN	NaN	NaN	NaN	NaN		
	NaN	46.13	19.40	37.30	37.86	66.05	NaN		
	NaN	NaN	NaN	NaN	NaN	NaN	NaN		
	];								
x.TMC = x.TMC';									
