function x = profile_LFR_L									
x.Comments= {									
	};								
x.BFs= [   									
	250	500	1000	2000	4000	6000	8000		
	];								
x.LongTone= [ 									
	37.90	23.91	25.90	33.76	28.75	30.69	45.36		
	];								
x.ShortTone= [ 									
	43.29	29.42	27.25	35.67	32.73	33.92	48.26		
	];								
x.IFMCFreq= [									
	250	500	1000	2000	4000	6000	8000		
	];								
x.MaskerRatio=[    									
	0.5	0.7	0.9	1	1.1	1.3	1.6		
	];								
x.IFMCs=[									
	NaN	63.40	60.43	77.40	82.93	50.28	56.28		
	NaN	55.75	47.28	71.73	61.89	44.80	51.01		
	NaN	45.83	35.01	58.63	48.94	35.85	50.36		
	NaN	41.14	36.67	55.11	41.23	41.47	57.58		
	NaN	41.62	37.51	58.95	45.22	47.41	66.90		
	NaN	52.08	49.44	65.40	47.44	55.43	71.66		
	NaN	71.21	75.22	82.06	57.11	69.88	83.92		
	];								
x.IFMCs= x.IFMCs';									
x.Gaps= [									
	0.01	0.02	0.03	0.04	0.05	0.06	0.07	0.08	0.09
	];								
x.TMCFreq= [									
	250	500	1000	2000	4000	6000	8000		
	];								
x.TMC= [									
	NaN	NaN	NaN	NaN	NaN	NaN	NaN		
	NaN	NaN	NaN	54.53	42.85	48.13	55.09		
	NaN	NaN	NaN	NaN	NaN	NaN	NaN		
	NaN	NaN	NaN	55.64	37.54	50.79	52.89		
	NaN	NaN	NaN	55.56	39.87	55.10	55.90		
	NaN	NaN	NaN	53.15	41.96	52.21	58.20		
	NaN	NaN	NaN	NaN	NaN	NaN	NaN		
	NaN	NaN	NaN	57.47	52.52	51.20	55.42		
	NaN	NaN	NaN	NaN	NaN	NaN	NaN		
	];								
x.TMC = x.TMC';									
