function x = profile_JVO_R									
x.Comments= {									
	};								
x.BFs= [   									
	250	500	1000	2000	4000	6000	8000		
	];								
x.LongTone= [ 									
	17.96	11.79	8.56	1.09	-2.40	7.44	10.57		
	];								
x.ShortTone= [ 									
	23.00	16.31	16.51	7.35	6.12	7.71	15.61		
	];								
x.IFMCFreq= [									
	250	500	1000	2000	4000	6000	8000		
	];								
x.MaskerRatio=[    									
	0.5	0.7	0.9	1	1.1	1.3	1.6		
	];								
x.IFMCs=[									
	43.47	32.71	45.97	60.38	47.00	37.29	NaN		
	41.71	33.06	34.62	37.65	22.41	33.87	NaN		
	38.00	23.09	25.20	15.14	20.14	23.96	NaN		
	38.16	22.62	18.42	8.82	15.00	19.79	NaN		
	36.27	23.21	22.27	14.35	19.78	30.71	NaN		
	37.69	25.77	27.88	20.70	47.89	25.32	NaN		
	40.81	38.53	39.51	23.13	60.74	34.22	NaN		
	];								
x.IFMCs= x.IFMCs';									
x.Gaps= [									
	0.01	0.02	0.03	0.04	0.05	0.06	0.07	0.08	0.09
	];								
x.TMCFreq= [									
	250	500	1000	2000	4000	6000	8000		
	];								
x.TMC= [									
	NaN	NaN	NaN	NaN	NaN	NaN	NaN		
	38.11	36.93	24.84	20.14	17.84	29.89	NaN		
	NaN	NaN	NaN	NaN	NaN	NaN	NaN		
	45.89	41.00	27.09	21.30	20.15	33.16	NaN		
	39.09	40.59	29.30	20.84	18.37	29.95	NaN		
	40.67	36.17	33.79	24.68	22.61	32.70	NaN		
	NaN	NaN	NaN	NaN	NaN	NaN	NaN		
	44.47	37.28	28.24	29.75	25.81	29.28	NaN		
	NaN	NaN	NaN	NaN	NaN	NaN	NaN		
	];								
x.TMC = x.TMC';									
