function x = profile_RSC_L									
x.Comments= {									
	};								
x.BFs= [   									
	250	500	1000	2000	4000	6000	8000		
	];								
x.LongTone= [ 									
	16.54	12.79	9.06	3.09	-2.54	NaN	26.06		
	];								
x.ShortTone= [ 									
	28.21	24.00	16.29	10.88	3.82	NaN	35.26		
	];								
x.IFMCFreq= [									
	250	500	1000	2000	4000	6000	8000		
	];								
x.MaskerRatio=[    									
	0.5	0.7	0.9	1	1.1	1.3	1.6		
	];								
x.IFMCs=[									
	NaN	NaN	NaN	NaN	NaN	49.89	37.86		
	NaN	38.06	45.51	40.84	21.26	35.55	43.37		
	NaN	31.28	33.05	22.65	14.30	44.11	35.04		
	NaN	33.90	27.60	9.77	10.54	27.43	38.76		
	NaN	36.04	31.01	10.65	10.27	29.45	39.34		
	NaN	53.83	41.81	14.27	16.45	52.04	26.98		
	NaN	NaN	NaN	NaN	NaN	34.63	34.79		
	];								
x.IFMCs= x.IFMCs';									
x.Gaps= [									
	0.01	0.02	0.03	0.04	0.05	0.06	0.07	0.08	0.09
	];								
x.TMCFreq= [									
	250	500	1000	2000	4000	6000	8000		
	];								
x.TMC= [									
	NaN	NaN	NaN	NaN	NaN	NaN	NaN		
	NaN	NaN	NaN	NaN	23.60	36.84	NaN		
	NaN	NaN	NaN	NaN	NaN	NaN	NaN		
	NaN	NaN	NaN	NaN	25.98	45.34	NaN		
	NaN	NaN	NaN	NaN	29.62	51.44	NaN		
	NaN	NaN	NaN	NaN	18.60	52.49	NaN		
	NaN	NaN	NaN	NaN	NaN	NaN	NaN		
	NaN	NaN	NaN	NaN	51.46	53.71	NaN		
	NaN	NaN	NaN	NaN	NaN	NaN	NaN		
	];								
x.TMC = x.TMC';									
