function x = profile_VCA_L									
x.Comments= {									
	};								
x.BFs= [   									
	250	500	1000	2000	4000	6000	8000		
	];								
x.LongTone= [ 									
	14.13	18.80	17.56	29.56	35.55	53.47	71.16		
	];								
x.ShortTone= [ 									
	26.11	25.26	17.67	31.53	40.53	55.84	72.59		
	];								
x.IFMCFreq= [									
	250	500	1000	2000	4000	6000	8000		
	];								
x.MaskerRatio=[    									
	0.5	0.7	0.9	1	1.1	1.3	1.6		
	];								
x.IFMCs=[									
	NaN	NaN	24.44	17.53	38.10	42.07	38.98		
	NaN	NaN	18.57	16.88	43.78	41.91	47.14		
	NaN	NaN	13.56	23.23	38.69	47.52	62.62		
	NaN	NaN	15.41	31.39	39.59	53.51	68.90		
	NaN	NaN	14.32	32.67	39.75	56.12	86.24		
	NaN	NaN	20.95	35.59	47.13	66.88	89.30		
	NaN	NaN	24.93	34.86	56.42	90.85	NaN		
	];								
x.IFMCs= x.IFMCs';									
x.Gaps= [									
	0.01	0.02	0.03	0.04	0.05	0.06	0.07	0.08	0.09
	];								
x.TMCFreq= [									
	250	500	1000	2000	4000	6000	8000		
	];								
x.TMC= [									
	NaN	NaN	NaN	NaN	NaN	NaN	NaN		
	NaN	NaN	12.21	34.17	45.22	57.81	70.89		
	NaN	NaN	NaN	NaN	NaN	NaN	NaN		
	NaN	NaN	11.18	34.04	45.58	58.52	73.69		
	NaN	NaN	10.18	33.73	45.74	58.53	72.36		
	NaN	NaN	11.88	33.50	45.44	59.23	76.57		
	NaN	NaN	NaN	NaN	NaN	NaN	NaN		
	NaN	NaN	11.51	35.89	49.59	59.38	76.47		
	NaN	NaN	NaN	NaN	NaN	NaN	NaN		
	];								
x.TMC = x.TMC';									
