function x = profile_MLA_L									
x.Comments= {									
	};								
x.BFs= [   									
	250	500	1000	2000	4000	6000	8000		
	];								
x.LongTone= [ 									
	19.41	12.78	9.61	9.10	15.63	19.97	42.82		
	];								
x.ShortTone= [ 									
	25.15	21.74	20.38	18.03	21.75	31.20	50.85		
	];								
x.IFMCFreq= [									
	250	500	1000	2000	4000	6000	8000		
	];								
x.MaskerRatio=[    									
	0.5	0.7	0.9	1	1.1	1.3	1.6		
	];								
x.IFMCs=[									
	NaN	NaN	43.62	62.29	43.15	33.02	47.69		
	NaN	NaN	38.95	33.62	29.27	26.37	43.38		
	NaN	NaN	30.06	30.52	19.64	23.43	35.56		
	NaN	NaN	21.65	18.58	20.01	24.26	47.34		
	NaN	NaN	24.53	22.24	26.91	28.69	57.70		
	NaN	NaN	26.86	26.99	30.66	44.17	62.17		
	NaN	NaN	36.57	30.98	39.69	60.66	70.88		
	];								
x.IFMCs= x.IFMCs';									
x.Gaps= [									
	0.01	0.02	0.03	0.04	0.05	0.06	0.07	0.08	0.09
	];								
x.TMCFreq= [									
	250	500	1000	2000	4000	6000	8000		
	];								
x.TMC= [									
	NaN	NaN	NaN	NaN	NaN	NaN	NaN		
	NaN	NaN	23.19	23.20	27.22	37.69	47.74		
	NaN	NaN	NaN	NaN	NaN	NaN	NaN		
	NaN	NaN	23.70	25.96	28.69	41.56	47.92		
	NaN	NaN	25.63	27.79	31.87	37.04	47.65		
	NaN	NaN	26.34	27.56	30.18	42.70	39.65		
	NaN	NaN	NaN	NaN	NaN	NaN	NaN		
	NaN	NaN	22.34	25.95	38.09	38.34	53.95		
	NaN	NaN	NaN	NaN	NaN	NaN	NaN		
	];								
x.TMC = x.TMC';									
