function x = profile_DHO_L									
x.Comments= {									
	};								
x.BFs= [   									
	250	500	1000	2000	4000	6000	8000		
	];								
x.LongTone= [ 									
	15.34	5.23	1.56	-11.08	-2.41	NaN	15.91		
	];								
x.ShortTone= [ 									
	24.76	15.36	8.43	5.00	4.00	NaN	17.48		
	];								
x.IFMCFreq= [									
	250	500	1000	2000	4000	6000	8000		
	];								
x.MaskerRatio=[    									
	0.5	0.7	0.9	1	1.1	1.3	1.6		
	];								
x.IFMCs=[									
	NaN	52.48	45.55	62.90	56.84	59.46	NaN		
	NaN	38.73	51.84	51.34	45.20	31.87	NaN		
	NaN	27.46	29.18	28.95	18.87	28.84	NaN		
	NaN	21.40	15.53	-0.24	4.54	17.25	NaN		
	NaN	15.43	8.81	12.25	14.81	27.05	NaN		
	NaN	24.87	21.12	18.58	16.77	23.70	NaN		
	NaN	63.58	40.71	29.10	29.04	32.36	NaN		
	];								
x.IFMCs= x.IFMCs';									
x.Gaps= [									
	0.01	0.02	0.03	0.04	0.05	0.06	0.07	0.08	0.09
	];								
x.TMCFreq= [									
	250	500	1000	2000	4000	6000	8000		
	];								
x.TMC= [									
	NaN	NaN	NaN	NaN	NaN	NaN	NaN		
	NaN	NaN	NaN	NaN	NaN	NaN	NaN		
	NaN	NaN	NaN	NaN	NaN	NaN	NaN		
	NaN	NaN	NaN	NaN	NaN	NaN	NaN		
	NaN	NaN	NaN	NaN	NaN	NaN	NaN		
	NaN	NaN	NaN	NaN	NaN	NaN	NaN		
	NaN	NaN	NaN	NaN	NaN	NaN	NaN		
	NaN	NaN	NaN	NaN	NaN	NaN	NaN		
	NaN	NaN	NaN	NaN	NaN	NaN	NaN		
	];								
x.TMC = x.TMC';									
