function x = profile_THO_R									
x.Comments= {									
	};								
x.BFs= [   									
	250	500	1000	2000	4000	6000	8000		
	];								
x.LongTone= [ 									
	28.90	20.93	17.80	22.55	60.04	59.60	65.42		
	];								
x.ShortTone= [ 									
	37.80	26.62	22.51	34.04	61.41	61.80	69.98		
	];								
x.IFMCFreq= [									
	250	500	1000	2000	4000	6000	8000		
	];								
x.MaskerRatio=[    									
	0.5	0.7	0.9	1	1.1	1.3	1.6		
	];								
x.IFMCs=[									
	NaN	62.82	49.61	72.20	87.15	71.56	81.22		
	NaN	53.84	37.61	65.46	75.59	73.39	86.29		
	NaN	42.50	41.79	52.01	72.08	78.85	74.63		
	NaN	43.46	34.06	45.52	77.65	78.78	84.51		
	NaN	40.34	43.15	63.76	75.97	75.02	90.19		
	NaN	53.03	55.72	87.44	84.64	78.93	NaN		
	NaN	60.91	56.05	NaN	NaN	86.93	NaN		
	];								
x.IFMCs= x.IFMCs';									
x.Gaps= [									
	0.01	0.02	0.03	0.04	0.05	0.06	0.07	0.08	0.09
	];								
x.TMCFreq= [									
	250	500	1000	2000	4000	6000	8000		
	];								
x.TMC= [									
	NaN	NaN	NaN	NaN	NaN	NaN	NaN		
	NaN	49.75	43.30	50.89	75.73	82.11	85.32		
	NaN	NaN	NaN	NaN	NaN	NaN	NaN		
	NaN	60.44	65.30	53.29	78.89	86.36	91.34		
	NaN	61.89	80.48	64.37	81.13	87.83	94.44		
	NaN	66.88	75.20	71.67	87.42	89.17	NaN		
	NaN	NaN	NaN	NaN	NaN	NaN	NaN		
	NaN	69.39	83.50	79.12	NaN	NaN	NaN		
	NaN	NaN	NaN	NaN	NaN	NaN	NaN		
	];								
x.TMC = x.TMC';									
