function x = profile_JHOL_R									
x.Comments= {									
	};								
x.BFs= [   									
	250	500	1000	2000	4000	6000	8000		
	];								
x.LongTone= [ 									
	39.92	35.59	31.36	32.63	45.57	42.75	69.50		
	];								
x.ShortTone= [ 									
	46.92	42.07	38.22	36.76	48.71	44.12	71.70		
	];								
x.IFMCFreq= [									
	250	500	1000	2000	4000	6000	8000		
	];								
x.MaskerRatio=[    									
	0.5	0.7	0.9	1	1.1	1.3	1.6		
	];								
x.IFMCs=[									
	NaN	NaN	83.42	84.61	74.56	56.85	67.10		
	NaN	NaN	72.80	66.94	62.26	67.61	74.32		
	NaN	NaN	60.37	54.80	53.81	59.63	64.67		
	NaN	NaN	42.56	44.97	57.35	57.51	82.82		
	NaN	NaN	59.46	54.03	59.82	56.90	95.07		
	NaN	NaN	90.62	71.43	69.99	86.58	NaN		
	NaN	NaN	90.24	74.82	72.19	96.52	93.24		
	];								
x.IFMCs= x.IFMCs';									
x.Gaps= [									
	0.01	0.02	0.03	0.04	0.05	0.06	0.07	0.08	0.09
	];								
x.TMCFreq= [									
	250	500	1000	2000	4000	6000	8000		
	];								
x.TMC= [									
	NaN	NaN	NaN	NaN	NaN	NaN	NaN		
	NaN	NaN	56.22	51.96	61.81	59.27	83.91		
	NaN	NaN	NaN	NaN	NaN	NaN	NaN		
	NaN	NaN	65.88	56.67	67.67	63.18	88.74		
	NaN	NaN	68.10	58.60	72.96	63.56	93.49		
	NaN	NaN	70.69	61.92	71.79	70.27	91.24		
	NaN	NaN	NaN	NaN	NaN	NaN	NaN		
	NaN	NaN	76.10	63.50	78.59	74.07	NaN		
	NaN	NaN	NaN	NaN	NaN	NaN	NaN		
	];								
x.TMC = x.TMC';									
