function x = profile_JWO_L									
x.Comments= {									
	};								
x.BFs= [   									
	250	500	1000	2000	4000	6000	8000		
	];								
x.LongTone= [ 									
	42.78	51.44	53.34	70.80	85.34	NaN	NaN		
	];								
x.ShortTone= [ 									
	49.05	54.14	57.12	74.03	NaN	NaN	NaN		
	];								
x.IFMCFreq= [									
	250	500	1000	2000	4000	6000	8000		
	];								
x.MaskerRatio=[    									
	0.5	0.7	0.9	1	1.1	1.3	1.6		
	];								
x.IFMCs=[									
	63.00	60.57	70.91	54.48	NaN	NaN	NaN		
	60.50	58.15	70.26	71.81	NaN	NaN	NaN		
	60.16	59.44	63.60	80.39	NaN	NaN	NaN		
	61.07	59.84	61.92	78.63	NaN	NaN	NaN		
	63.11	60.04	63.72	76.48	NaN	NaN	NaN		
	59.72	62.11	73.67	79.90	NaN	NaN	NaN		
	69.09	66.53	85.38	85.91	NaN	NaN	NaN		
	];								
x.IFMCs= x.IFMCs';									
x.Gaps= [									
	0.01	0.02	0.03	0.04	0.05	0.06	0.07	0.08	0.09
	];								
x.TMCFreq= [									
	250	500	1000	2000	4000	6000	8000		
	];								
x.TMC= [									
	NaN	NaN	NaN	NaN	NaN	NaN	NaN		
	69.27	73.65	75.93	NaN	NaN	NaN	NaN		
	NaN	NaN	NaN	NaN	NaN	NaN	NaN		
	78.12	78.68	83.39	NaN	NaN	NaN	NaN		
	79.39	82.46	90.32	NaN	NaN	NaN	NaN		
	81.82	84.84	90.66	NaN	NaN	NaN	NaN		
	NaN	NaN	NaN	NaN	NaN	NaN	NaN		
	85.52	86.12	87.35	NaN	NaN	NaN	NaN		
	NaN	NaN	NaN	NaN	NaN	NaN	NaN		
	];								
x.TMC = x.TMC';									
