function x = profile_SJO_R									
x.Comments= {									
	};								
x.BFs= [   									
	250	500	1000	2000	4000	6000	8000		
	];								
x.LongTone= [ 									
	41.57	48.16	78.14	NaN	NaN	NaN	NaN		
	];								
x.ShortTone= [ 									
	49.55	54.97	NaN	NaN	NaN	NaN	NaN		
	];								
x.IFMCFreq= [									
	250	500	1000	2000	4000	6000	8000		
	];								
x.MaskerRatio=[    									
	0.5	0.7	0.9	1	1.1	1.3	1.6		
	];								
x.IFMCs=[									
	66.50	63.58	NaN	NaN	NaN	NaN	NaN		
	63.03	60.28	NaN	NaN	NaN	NaN	NaN		
	60.10	60.61	NaN	NaN	NaN	NaN	NaN		
	59.70	63.39	NaN	NaN	NaN	NaN	NaN		
	58.05	66.25	NaN	NaN	NaN	NaN	NaN		
	56.60	74.13	NaN	NaN	NaN	NaN	NaN		
	62.26	85.49	NaN	NaN	NaN	NaN	NaN		
	];								
x.IFMCs= x.IFMCs';									
x.Gaps= [									
	0.01	0.02	0.03	0.04	0.05	0.06	0.07	0.08	0.09
	];								
x.TMCFreq= [									
	250	500	1000	2000	4000	6000	8000		
	];								
x.TMC= [									
	NaN	NaN	NaN	NaN	NaN	NaN	NaN		
	54.73	66.39	NaN	NaN	NaN	NaN	NaN		
	NaN	NaN	NaN	NaN	NaN	NaN	NaN		
	56.01	68.16	NaN	NaN	NaN	NaN	NaN		
	55.54	66.86	NaN	NaN	NaN	NaN	NaN		
	56.49	66.34	NaN	NaN	NaN	NaN	NaN		
	NaN	NaN	NaN	NaN	NaN	NaN	NaN		
	56.15	68.82	NaN	NaN	NaN	NaN	NaN		
	NaN	NaN	NaN	NaN	NaN	NaN	NaN		
	];								
x.TMC = x.TMC';									
