function x = profile_LBR_R									
x.Comments= {									
	};								
x.BFs= [   									
	250	500	1000	2000	4000	6000	8000		
	];								
x.LongTone= [ 									
	23.26	8.31	7.86	12.04	20.46	39.69	56.48		
	];								
x.ShortTone= [ 									
	33.16	22.35	16.09	18.76	26.33	42.98	59.07		
	];								
x.IFMCFreq= [									
	250	500	1000	2000	4000	6000	8000		
	];								
x.MaskerRatio=[    									
	0.5	0.7	0.9	1	1.1	1.3	1.6		
	];								
x.IFMCs=[									
	40.53	46.27	43.77	51.34	41.25	28.01	31.96		
	34.47	37.33	30.93	30.88	19.47	44.56	42.90		
	35.16	25.04	31.40	26.12	19.96	43.04	45.00		
	33.10	24.62	17.03	23.85	22.87	47.88	52.33		
	31.49	28.98	23.02	16.90	29.81	41.80	61.67		
	34.21	33.77	29.54	21.09	33.77	57.58	88.20		
	32.96	44.66	27.57	28.22	42.90	71.74	NaN		
	];								
x.IFMCs= x.IFMCs';									
x.Gaps= [									
	0.01	0.02	0.03	0.04	0.05	0.06	0.07	0.08	0.09
	];								
x.TMCFreq= [									
	250	500	1000	2000	4000	6000	8000		
	];								
x.TMC= [									
	NaN	NaN	NaN	NaN	NaN	NaN	NaN		
	34.72	34.45	19.69	24.04	27.55	46.08	64.22		
	NaN	NaN	NaN	NaN	NaN	NaN	NaN		
	43.11	38.23	22.27	25.55	34.63	45.00	64.56		
	33.23	36.21	22.69	27.26	36.47	47.50	65.18		
	41.51	39.09	19.44	27.95	34.44	46.54	67.35		
	NaN	NaN	NaN	NaN	NaN	NaN	NaN		
	40.69	38.93	21.98	24.90	33.40	50.02	68.04		
	NaN	NaN	NaN	NaN	NaN	NaN	NaN		
	];								
x.TMC = x.TMC';									
