function x = profile_VCA_R									
x.Comments= {									
	};								
x.BFs= [   									
	250	500	1000	2000	4000	6000	8000		
	];								
x.LongTone= [ 									
	7.21	14.69	8.22	16.88	7.18	28.54	55.82		
	];								
x.ShortTone= [ 									
	20.44	20.91	15.21	21.08	10.41	31.22	57.74		
	];								
x.IFMCFreq= [									
	250	500	1000	2000	4000	6000	8000		
	];								
x.MaskerRatio=[    									
	0.5	0.7	0.9	1	1.1	1.3	1.6		
	];								
x.IFMCs=[									
	NaN	NaN	NaN	23.95	NaN	19.30	NaN		
	NaN	NaN	NaN	56.36	NaN	16.80	NaN		
	NaN	NaN	NaN	38.28	NaN	30.32	NaN		
	NaN	NaN	NaN	27.72	NaN	33.74	NaN		
	NaN	NaN	NaN	33.08	NaN	31.63	NaN		
	NaN	NaN	NaN	51.56	NaN	62.78	NaN		
	NaN	NaN	NaN	33.32	NaN	76.99	NaN		
	];								
x.IFMCs= x.IFMCs';									
x.Gaps= [									
	0.01	0.02	0.03	0.04	0.05	0.06	0.07	0.08	0.09
	];								
x.TMCFreq= [									
	250	500	1000	2000	4000	6000	8000		
	];								
x.TMC= [									
	NaN	NaN	NaN	NaN	NaN	NaN	NaN		
	NaN	NaN	NaN	NaN	NaN	NaN	NaN		
	NaN	NaN	NaN	NaN	NaN	NaN	NaN		
	NaN	NaN	NaN	NaN	NaN	NaN	NaN		
	NaN	NaN	NaN	NaN	NaN	NaN	NaN		
	NaN	NaN	NaN	NaN	NaN	NaN	NaN		
	NaN	NaN	NaN	NaN	NaN	NaN	NaN		
	NaN	NaN	NaN	NaN	NaN	NaN	NaN		
	NaN	NaN	NaN	NaN	NaN	NaN	NaN		
	];								
x.TMC = x.TMC';									
