function x = profile_EEA_R									
x.Comments= {									
	};								
x.BFs= [   									
	250	500	1000	2000	4000	6000	8000		
	];								
x.LongTone= [ 									
	34.60	25.68	35.01	54.21	40.51	27.74	39.44		
	];								
x.ShortTone= [ 									
	37.21	32.84	37.00	59.07	42.16	29.90	43.90		
	];								
x.IFMCFreq= [									
	250	500	1000	2000	4000	6000	8000		
	];								
x.MaskerRatio=[    									
	0.5	0.7	0.9	1	1.1	1.3	1.6		
	];								
x.IFMCs=[									
	NaN	46.52	48.92	53.07	70.02	52.88	53.20		
	NaN	32.12	56.66	70.33	58.35	51.03	37.78		
	NaN	35.60	42.14	66.76	44.99	37.42	42.77		
	NaN	35.66	44.38	66.49	48.52	34.77	36.83		
	NaN	38.16	44.39	65.21	45.95	38.84	38.56		
	NaN	42.86	48.36	54.81	46.01	53.30	44.40		
	NaN	47.68	55.85	53.02	41.62	53.13	34.95		
	];								
x.IFMCs= x.IFMCs';									
x.Gaps= [									
	0.01	0.02	0.03	0.04	0.05	0.06	0.07	0.08	0.09
	];								
x.TMCFreq= [									
	250	500	1000	2000	4000	6000	8000		
	];								
x.TMC= [									
	NaN	NaN	NaN	NaN	NaN	NaN	NaN		
	NaN	37.82	47.84	67.03	50.34	41.88	NaN		
	NaN	NaN	NaN	NaN	NaN	NaN	NaN		
	NaN	42.10	53.51	70.57	47.71	36.91	NaN		
	NaN	48.15	56.93	67.54	48.11	41.43	NaN		
	NaN	37.19	57.35	70.09	48.04	41.49	NaN		
	NaN	NaN	NaN	NaN	NaN	NaN	NaN		
	NaN	41.85	57.93	69.37	49.62	42.73	NaN		
	NaN	NaN	NaN	NaN	NaN	NaN	NaN		
	];								
x.TMC = x.TMC';									
