function x = profile_KSE_L									
x.Comments= {									
	};								
x.BFs= [   									
	250	500	1000	2000	4000	6000	8000		
	];								
x.LongTone= [ 									
	38.64	33.87	17.69	20.41	37.00	63.18	74.30		
	];								
x.ShortTone= [ 									
	44.37	37.78	23.09	28.10	41.81	66.18	73.76		
	];								
x.IFMCFreq= [									
	250	500	1000	2000	4000	6000	8000		
	];								
x.MaskerRatio=[    									
	0.5	0.7	0.9	1	1.1	1.3	1.6		
	];								
x.IFMCs=[									
	NaN	NaN	52.24	58.23	64.75	48.06	NaN		
	NaN	NaN	53.30	43.53	56.18	57.83	NaN		
	NaN	NaN	39.39	28.06	48.75	50.94	NaN		
	NaN	NaN	39.22	23.33	46.12	70.45	NaN		
	NaN	NaN	35.96	23.73	41.85	72.74	NaN		
	NaN	NaN	56.15	32.65	51.74	81.96	NaN		
	NaN	NaN	69.35	41.21	69.62	86.17	NaN		
	];								
x.IFMCs= x.IFMCs';									
x.Gaps= [									
	0.01	0.02	0.03	0.04	0.05	0.06	0.07	0.08	0.09
	];								
x.TMCFreq= [									
	250	500	1000	2000	4000	6000	8000		
	];								
x.TMC= [									
	NaN	NaN	NaN	NaN	NaN	NaN	NaN		
	NaN	NaN	NaN	NaN	NaN	NaN	NaN		
	NaN	NaN	NaN	NaN	NaN	NaN	NaN		
	NaN	NaN	NaN	NaN	NaN	NaN	NaN		
	NaN	NaN	NaN	NaN	NaN	NaN	NaN		
	NaN	NaN	NaN	NaN	NaN	NaN	NaN		
	NaN	NaN	NaN	NaN	NaN	NaN	NaN		
	NaN	NaN	NaN	NaN	NaN	NaN	NaN		
	NaN	NaN	NaN	NaN	NaN	NaN	NaN		
	];								
x.TMC = x.TMC';									
