function x = profile_RWO_R									
x.Comments= {									
	};								
x.BFs= [   									
	250	500	1000	2000	4000	6000	8000		
	];								
x.LongTone= [ 									
	26.72	31.46	49.74	52.30	56.25	69.35	NaN		
	];								
x.ShortTone= [ 									
	33.92	37.43	55.41	58.49	59.07	73.28	NaN		
	];								
x.IFMCFreq= [									
	250	500	1000	2000	4000	6000	8000		
	];								
x.MaskerRatio=[    									
	0.5	0.7	0.9	1	1.1	1.3	1.6		
	];								
x.IFMCs=[									
	54.04	73.62	69.66	82.30	NaN	66.97	NaN		
	48.03	64.41	67.43	78.80	NaN	75.57	NaN		
	41.16	56.03	68.98	77.01	NaN	76.97	NaN		
	44.22	52.97	69.28	73.92	NaN	81.48	NaN		
	47.05	55.94	68.37	72.70	NaN	81.52	NaN		
	67.12	86.15	73.11	66.17	NaN	94.55	NaN		
	72.93	NaN	NaN	70.69	NaN	NaN	NaN		
	];								
x.IFMCs= x.IFMCs';									
x.Gaps= [									
	0.01	0.02	0.03	0.04	0.05	0.06	0.07	0.08	0.09
	];								
x.TMCFreq= [									
	250	500	1000	2000	4000	6000	8000		
	];								
x.TMC= [									
	NaN	NaN	NaN	NaN	NaN	NaN	NaN		
	NaN	49.52	68.38	71.08	69.97	NaN	NaN		
	NaN	NaN	NaN	NaN	NaN	NaN	NaN		
	NaN	56.56	72.03	78.17	77.30	NaN	NaN		
	NaN	67.12	74.73	84.29	82.83	NaN	NaN		
	NaN	68.30	76.11	86.52	85.06	NaN	NaN		
	NaN	NaN	NaN	NaN	NaN	NaN	NaN		
	NaN	87.25	78.68	NaN	90.59	NaN	NaN		
	NaN	NaN	NaN	NaN	NaN	NaN	NaN		
	];								
x.TMC = x.TMC';									
