function x = profile_RGR_L									
x.Comments= {									
	};								
x.BFs= [   									
	250	500	1000	2000	4000	6000	8000		
	];								
x.LongTone= [ 									
	16.50	9.10	14.46	9.19	18.47	21.81	26.70		
	];								
x.ShortTone= [ 									
	25.59	19.06	22.17	15.51	23.54	26.85	33.83		
	];								
x.IFMCFreq= [									
	250	500	1000	2000	4000	6000	8000		
	];								
x.MaskerRatio=[    									
	0.5	0.7	0.9	1	1.1	1.3	1.6		
	];								
x.IFMCs=[									
	54.54	48.62	64.26	67.91	69.94	69.68	62.83		
	62.95	42.79	51.13	49.31	66.09	67.17	64.29		
	30.30	40.27	42.34	25.93	42.30	46.89	42.25		
	28.11	29.79	29.23	22.05	31.14	31.34	57.41		
	26.12	25.28	29.83	22.54	35.66	35.90	66.67		
	26.73	36.23	55.05	30.93	39.17	55.50	69.32		
	29.59	50.56	55.14	53.00	48.26	55.42	NaN		
	];								
x.IFMCs= x.IFMCs';									
x.Gaps= [									
	0.01	0.02	0.03	0.04	0.05	0.06	0.07	0.08	0.09
	];								
x.TMCFreq= [									
	250	500	1000	2000	4000	6000	8000		
	];								
x.TMC= [									
	NaN	NaN	NaN	NaN	NaN	NaN	NaN		
	41.16	38.97	31.50	23.35	33.27	38.48	38.27		
	NaN	NaN	NaN	NaN	NaN	NaN	NaN		
	48.58	51.75	38.27	31.31	38.96	42.04	42.31		
	50.98	51.74	44.98	32.34	37.97	54.17	53.84		
	56.56	49.58	46.76	39.06	39.40	55.12	49.14		
	NaN	NaN	NaN	NaN	NaN	NaN	NaN		
	57.97	60.00	57.76	46.40	45.71	67.14	68.14		
	NaN	NaN	NaN	NaN	NaN	NaN	NaN		
	];								
x.TMC = x.TMC';									
