batchRunner
modelParamChanges={'IHC_cilia_RPParams.C=0.5;'};
OHC1=batch('noGUIfullProfile(modelParamChanges)')

OHC1 = 

 <a href="matlab: help parallel.Job">Job</a>

    Properties: 

                   ID: 8
                 Type: independent
             Username: rmeddis
                State: running
           SubmitTime: Wed Apr 17 11:31:19 BST 2013
            StartTime: 
     Running Duration: 0 days 0h 0m 0s

      AutoAttachFiles: true
  Auto Attached Files: <a href="matlab: parallel.internal.display.AutoAttachedFiles.displayAutoAttachedFiles('1F8B0800000000000000CD54CD4EC24010DE160A7290684C8C470F9E893F17E2498418511A0960F0D0842CB081EAD236DB9AC88DA3471FC1A38FE16378F1EE91477027DDA54B29E2CFC54926BB5F77E6DBF9EB22AD6A222E79AECF5C335CD7B86EA250B4D99A4666F9AA09788FAB8719A694D082ED0484399816FAB6EF513C2E5CB85D938C8813B892F75CE15D177C86C0197187BC07F04EB87DD79533505DF0BD1A115F2EC607764F46C4A70B8C943CA7E9C85F4FF057E33178DE86C0B0420D24CF4BFA7BF5829CCF6C4ADA0C7B1E619D8EF01F2AFED17D21CEC6E200FB89B63CEFBA366FAF8B6FBAE07A8078854EB916B5F05C4A1D33DE32D9B8D6D823A882038CCAF4DEE70D96074BDB8EAA1534DFF9798138D3319C5D345B103D86E51C6809765A0296F672CE52CAB9EA9342F3F55B26796555E75AE6A6CED1B6C2B721F0AC80BDB0B0859ADBC334E47B433F9BCB2D8161E5B56F062EC303028481ED3A519C9315715EC6E2045C3EB6AE7DC27C8B8D489FF7D82A791E0C84D570F1C8760696898361DB6577BE65965AB5D2A94521918E48AB73EB767DAB71B87F708413EBF5DB7740EE81AFA8F06556D42B27BE87B27B02FE1F68F9FF179F87F87D49FD41B1FEFC37FF47F4F5BB79A3D8EB02ABEFA6DABFBFBC9B209FF7756BDC78060000')">List files</a>
        AttachedFiles: {}
      AdditionalPaths: {}

    <a href="matlab: parallel.internal.cluster.JobDisplayer.displayTasks('1F8B0800000000000000CD54CD4EC24010DE160A7290684C8C470F9E893F17E2498418511A0960F0D0842CB081EAD236DB9AC88DA3471FC1A38FE16378F1EE91477027DDA54B29E2CFC54926BB5F77E6DBF9EB22AD6A222E79AECF5C335CD7B86EA250B4D99A4666F9AA09788FAB8719A694D082ED0484399816FAB6EF513C2E5CB85D938C8813B892F75CE15D177C86C0197187BC07F04EB87DD79533505DF0BD1A115F2EC607764F46C4A70B8C943CA7E9C85F4FF057E33178DE86C0B0420D24CF4BFA7BF5829CCF6C4ADA0C7B1E619D8EF01F2AFED17D21CEC6E200FB89B63CEFBA366FAF8B6FBAE07A8078854EB916B5F05C4A1D33DE32D9B8D6D823A882038CCAF4DEE70D96074BDB8EAA1534DFF9798138D3319C5D345B103D86E51C6809765A0296F672CE52CAB9EA9342F3F55B26796555E75AE6A6CED1B6C2B721F0AC80BDB0B0859ADBC334E47B433F9BCB2D8161E5B56F062EC303028481ED3A519C9315715EC6E2045C3EB6AE7DC27C8B8D489FF7D82A791E0C84D570F1C8760696898361DB6577BE65965AB5D2A94521918E48AB73EB767DAB71B87F708413EBF5DB7740EE81AFA8F06556D42B27BE87B27B02FE1F68F9FF179F87F87D49FD41B1FEFC37FF47F4F5BB79A3D8EB02ABEFA6DABFBFBC9B209FF7756BDC78060000')">Associated Tasks</a>: 

       Number Pending: 1
       Number Running: 0
      Number Finished: 0
    Task ID of Errors: []

diary('batch8')
