function x = MTprofile4synapsesMean13_May_2012
%created: 10_25hr13_May_2012

x.BFs = [250   500  1000  2000  4000  6000];

x.LongTone = [20	16	16	35	33	25];
x.ShortTone = [21	18	21	51	44	34];

x.Gaps = [0.01      0.03      0.05      0.07      0.09];
x.TMCFreq = [250   500  1000  2000  4000  6000];
x.TMC = [
31	54	21	36	38	27
37	86	29	68	22	44
57	90	48	53	37	44
89	NaN	42	49	57	55
NaN	NaN	44	71	40	52	 
];
x.TMC = x.TMC';

x.MaskerRatio = [0.5      0.7      0.9        1      1.1      1.3      1.6];
x.IFMCFreq = [250   500  1000  2000  4000  6000];
x.IFMCs = [
51	78	68	65	65	72
46	62	54	54	47	60
30	64	25	68	50	59
30	55	25	60	39	38
32	51	37	44	45	46
29	71	31	74	58	86
39	78	77	88	86	NaN
];
x.IFMCs = x.IFMCs';
