function x = IH05_model									
x.Comments= {									
	};								
x.BFs= [   									
	250	500	1000	2000	4000	6000	8000		
	];								
x.LongTone= [ 									
	39.49	27.75	29.77	37.12	42.47	NaN	47.86		
	];								
x.ShortTone= [ 									
	51.15	42.65	46.48	53.43	59.61	NaN	62.88		
	];								
x.IFMCFreq= [									
	250	500	1000	2000	4000	6000	8000		
	];								
x.MaskerRatio=[    									
	0.5	0.7	0.9	1	1.1	1.3	1.6		
	];								
x.IFMCs=[									
	76.58	63.91	72.20	74.47	87.66	NaN	NaN		
	65.77	59.48	61.64	66.62	80.17	82.75	NaN		
	64.68	55.27	60.98	63.20	71.25	67.93	NaN		
	65.50	51.82	61.76	57.22	69.01	63.60	NaN		
	57.60	53.43	60.61	57.43	77.97	61.56	NaN		
	62.11	62.14	65.73	74.65	87.93	83.62	NaN		
	62.80	71.79	79.22	83.96	NaN	NaN	NaN		
	];								
x.IFMCs= x.IFMCs';									
x.Gaps= [									
	0.01	0.02	0.03	0.04	0.05	0.06	0.07	0.08	0.09
	];								
x.TMCFreq= [									
	250	500	1000	2000	4000	6000	8000		
	];								
x.TMC= [									
	NaN	38.50	37.55	40.20	46.92	NaN	NaN		
	NaN	40.31	38.95	41.77	49.87	NaN	NaN		
	NaN	40.47	47.78	44.64	50.58	NaN	NaN		
	NaN	46.47	46.38	47.93	59.54	NaN	NaN		
	NaN	55.10	51.23	49.77	62.77	NaN	NaN		
	NaN	50.76	59.02	57.09	61.32	NaN	NaN		
	NaN	58.17	65.47	61.15	NaN	NaN	NaN		
	NaN	60.06	NaN	NaN	NaN	NaN	NaN		
	NaN	67.11	NaN	NaN	NaN	NaN	NaN		
	];								
x.TMC = x.TMC';									
