function x = IH13_data									
x.Comments= {									
	};								
x.BFs= [   									
	250	500	1000	2000	4000	6000	8000		
	];								
x.LongTone= [ 									
	28.08	24.76	8.01	18.84	65.48	NaN	NaN		
	];								
x.ShortTone= [ 									
	45.88	35.13	24.10	31.80	70.74	NaN	NaN		
	];								
x.IFMCFreq= [									
	250	500	1000	2000	4000	6000	8000		
	];								
x.MaskerRatio=[    									
	0.5	0.7	0.9	1	1.1	1.3	1.6		
	];								
x.IFMCs=[									
	60.49	62.87	50.50	51.80	NaN	NaN	NaN		
	53.25	53.74	52.53	46.80	NaN	NaN	NaN		
	56.05	46.21	40.29	42.75	NaN	NaN	NaN		
	51.25	42.95	40.06	40.30	NaN	NaN	NaN		
	51.30	39.65	48.15	48.05	NaN	NaN	NaN		
	52.90	42.28	48.67	75.30	NaN	NaN	NaN		
	63.01	47.15	65.40	84.35	NaN	NaN	NaN		
	];								
x.IFMCs= x.IFMCs';									
x.Gaps= [									
	0.01	0.02	0.03	0.04	0.05	0.06	0.07	0.08	0.09
	];								
x.TMCFreq= [									
	250	500	1000	2000	4000	6000	8000		
	];								
x.TMC= [									
	NaN	53.62	25.72	46.33	NaN	NaN	NaN		
	NaN	52.07	31.81	50.66	NaN	NaN	NaN		
	NaN	56.46	32.63	57.87	NaN	NaN	NaN		
	NaN	64.84	40.27	63.39	NaN	NaN	NaN		
	NaN	62.65	33.45	65.79	NaN	NaN	NaN		
	NaN	72.12	40.73	74.32	NaN	NaN	NaN		
	NaN	74.65	54.43	81.22	NaN	NaN	NaN		
	NaN	73.53	54.60	80.19	NaN	NaN	NaN		
	NaN	73.58	51.97	82.68	NaN	NaN	NaN		
	];								
x.TMC = x.TMC';									
