function x = NH81_model									
x.Comments= {									
	};								
x.BFs= [   									
	250	500	1000	2000	4000	6000	8000		
	];								
x.LongTone= [ 									
	16.43	8.24	5.71	10.00	15.52	NaN	21.49		
	];								
x.ShortTone= [ 									
	NaN	NaN	NaN	NaN	NaN	NaN	NaN		
	];								
x.IFMCFreq= [									
	250	500	1000	2000	4000	6000	8000		
	];								
x.MaskerRatio=[    									
	0.5	0.7	0.9	1	1.1	1.3	1.6		
	];								
x.IFMCs=[									
	59.39	52.08	57.46	61.63	75.84	76.38	NaN		
	54.98	44.37	44.84	49.26	65.06	67.38	NaN		
	47.14	39.34	39.63	33.81	44.56	43.17	NaN		
	44.43	36.76	35.64	24.12	37.43	35.53	NaN		
	42.47	37.06	33.65	30.64	42.18	35.31	NaN		
	38.45	40.67	41.78	48.34	69.87	69.63	NaN		
	44.27	55.96	65.25	70.39	81.57	86.23	NaN		
	];								
x.IFMCs= x.IFMCs';									
x.Gaps= [									
	0.01	0.02	0.03	0.04	0.05	0.06	0.07	0.08	0.09
	];								
x.TMCFreq= [									
	250	500	1000	2000	4000	6000	8000		
	];								
x.TMC= [									
	34.23	28.68	27.82	19.76	37.14	19.96	NaN		
	43.50	34.62	37.74	26.78	40.51	19.16	NaN		
	52.47	42.10	40.80	32.82	45.92	25.53	NaN		
	54.25	47.04	63.68	40.07	59.27	43.76	NaN		
	60.35	61.51	88.67	37.45	72.55	79.72	NaN		
	NaN	NaN	NaN	45.68	85.82	94.80	NaN		
	NaN	74.38	NaN	46.66	78.06	96.14	NaN		
	NaN	NaN	NaN	59.25	NaN	NaN	NaN		
	NaN	NaN	NaN	60.93	NaN	NaN	NaN		
	];								
x.TMC = x.TMC';									
