function x = NH83_model									
x.Comments= {									
	};								
x.BFs= [   									
	250	500	1000	2000	4000	6000	8000		
	];								
x.LongTone= [ 									
	10.98	-1.19	-1.72	1.78	8.30	NaN	13.73		
	];								
x.ShortTone= [ 									
	24.24	17.07	15.17	18.15	23.33	NaN	29.20		
	];								
x.IFMCFreq= [									
	250	500	1000	2000	4000	6000	8000		
	];								
x.MaskerRatio=[    									
	0.5	0.7	0.9	1	1.1	1.3	1.6		
	];								
x.IFMCs=[									
	43.06	45.46	54.29	65.03	75.71	82.99	NaN		
	38.80	38.38	41.82	51.93	64.71	69.97	NaN		
	28.65	28.02	28.47	27.93	34.37	32.96	NaN		
	28.49	28.42	22.39	20.42	26.62	33.19	NaN		
	31.85	23.29	23.48	24.47	33.60	35.14	NaN		
	25.25	30.12	30.21	33.72	48.69	74.88	NaN		
	24.55	46.87	70.11	76.81	84.77	NaN	NaN		
	];								
x.IFMCs= x.IFMCs';									
x.Gaps= [									
	0.01	0.02	0.03	0.04	0.05	0.06	0.07	0.08	0.09
	];								
x.TMCFreq= [									
	250	500	1000	2000	4000	6000	8000		
	];								
x.TMC= [									
	34.28	26.35	28.26	27.53	34.51	34.75	NaN		
	39.07	30.55	29.59	34.31	36.01	43.91	NaN		
	43.50	52.66	45.70	33.48	53.63	53.61	NaN		
	46.85	43.42	51.11	46.09	61.34	62.26	NaN		
	68.06	62.55	67.91	56.75	67.03	79.79	NaN		
	64.17	77.51	64.60	60.00	NaN	56.33	NaN		
	NaN	NaN	62.70	68.51	89.11	75.69	NaN		
	NaN	73.92	69.29	81.50	NaN	NaN	NaN		
	NaN	NaN	NaN	59.10	87.36	NaN	NaN		
	];								
x.TMC = x.TMC';									
