function x = KFr_MAP_14_Feb							
%created: 16 Feb  (using 5 dB SPL +2 dB for 1 kHz)							
							
x.BFs = [250   500  1000  2000  4000  8000];							
							
x.LongTone = [	16.9468	8.0829	65.455	38.8833	19.7792	43.6083	];
x.ShortTone =[	27.0982	20.4284	68.2132	51.4104	36.3301	62.3139	];
							
x.Gaps = [0.01      .02 0.03 .04     0.05 .06      0.07 .08      0.09];							
x.TMCFreq = [250   500  1000  2000  4000  8000];							
x.TMC = [							
25	18	68	51	32	55		
28	24	70	50	45	53		
27	22	70	58	35	62		
31	26	70	60	51	74		
42	32	69	64	49	69		
40	32	68	67	59	60		
34	58	73	61	65	110		
47	49	74	67	59	88		
48	48	73	71	81	110		
];							
x.TMC = x.TMC';							
							
x.MaskerRatio = [0.5      0.7      0.9        1      1.1      1.3      1.6];							
x.IFMCFreq = [250   500  1000  2000  4000  8000];							
x.IFMCs = [							
37	33	10	72	80	72	 	
32	25	18	68	71	32	 	
23	19	45	59	49	29	 	
16	15	43	48	34	55	 	
24	18	69	40	29	82	 	
26	24	70	27	36	110	 	
21	27	75	28	84	110	 	
];							
x.IFMCs = x.IFMCs';							
							
