function x = Mpa_MAP_13_Feb							
%created: 13 Feb 	-  using 7 dB SL probes						
							
x.BFs = [250   500  1000  2000  4000  8000];							
							
x.LongTone = [	16	8	6	10	16	22	];
x.ShortTone =[	29	19	17	22	27	34	];
							
x.Gaps = [0.01   .02 0.03 .04     0.05 .06      0.07 .08      0.09];							
x.TMCFreq = [250   500  1000  2000  4000  8000];							
x.TMC = [							
38	18	20	19	31	35		
39	25	19	25	31	39		
50	36	19	35	37	45		
57	36	27	37	35	50		
55	53	30	42	40	60		
60	49	40	44	47	79		
110	63	45	58	43	110		
80	83	58	48	56	72		
110	110	45	60	75	78		
];							
x.TMC = x.TMC';							
							
x.MaskerRatio = [0.5      0.7      0.9        1      1.1      1.3      1.6];							
x.IFMCFreq = [250   500  1000  2000  4000  8000];							
x.IFMCs = [							
55	56	52	63	78	85	 	
45	35	35	50	62	76	 	
36	29	18	30	31	41	 	
34	26	15	19	33	38	 	
36	18	10	22	28	37	 	
32	25	17	42	50	75	 	
34	70	54	77	86	110	 	
];							
x.IFMCs = x.IFMCs';							
							
