function x = MTprofile_CWaleft_11_11hr11_Sep_2012Fig7b
%created: 11_11hr11_Sep_2012

x.BFs = [250   500  1000  2000  4000  8000];

x.LongTone = [22.1      19.4      27.7      40.9      43.3      61.3];
x.ShortTone = [24.2      21.4      29.6      43.4      47.2      64.7];

x.Gaps = [0.01      0.03      0.05      0.07      0.09];
x.TMCFreq = [   500  1000  2000  4000  ];
x.TMC = [
	33.6	53.2	67.2	67.5		 
	37.8	80.2	73	77.7		 
	77.9	82.2	80.4	81.9		 
	91.5	88.5	86.6	86.1		 
	95.5	94.5	NaN	88		 
];
x.TMC = x.TMC';

x.MaskerRatio = [0.5      0.7      0.9        1      1.1      1.3      1.6];
x.IFMCFreq = [   500  1000  2000  4000  ];
x.IFMCs = [
	55.2	62	72.2	74.6		 
	43.2	44.3	72.4	80.3		 
	35.2	41.9	66.3	78		 
	33.9	56.3	64.5	65.2		 
	35	80.6	74.6	74.6		 
	43.5	82.8	86	92.1		 
	80.6	89.8	92.4	97.2	 
];
x.IFMCs = x.IFMCs';
