function x = MTprofile_KFrright_18_11hr06_Dec_2012Fig10b
%created: 18_11hr06_Dec_2012

x.BFs = [250   500  1000  2000  4000  8000];

x.LongTone = [41      38.3      47.1      24.2      12.8        45.6];
x.ShortTone = [43.6      40.6        57      31.4      16.9      59.6];

x.Gaps = [0.01      0.03      0.05      0.07      0.09];
x.TMCFreq = [500  1000  2000  4000  6000  ];
x.TMC = [
53.1	72	27.5	33.9	32.3		 
64.5	74.5	38.7	57.2	38.4		 
83.1	73.6	37.4	62.1	52.5		 
92.7	74.9	47.3	78.2	73.7		 
96.7	78.4	43.4	85.2	77.1		 
];
x.TMC = x.TMC';

x.MaskerRatio = [0.5      0.7      0.9        1      1.1      1.3      1.6];
x.IFMCFreq = [500  1000  2000  4000  6000  ];
x.IFMCs = [
66.2	70.4	49.4	74.4	NaN		 
58.3	71.6	68.1	79.6	NaN		 
53.9	71.8	38	48.3	28		 
54.3	71.2	26.5	39.1	33.5		 
55.4	72.6	22.7	43	50.6		 
74.8	73.1	16.1	94.1	98.1		 
79.1	72.1	12.1	98.4	104	 
];
x.IFMCs = x.IFMCs';
