function x = MTprofile_JEleft_14_50hr20_Aug_2012
%created: 14_50hr20_Aug_2012

x.BFs = [250   500  1000  2000  4000  8000];

x.LongTone = [58.7      53.7      51.9      54.8      61.3      88.5];
x.ShortTone = [61      56.6      54.3      56.5      66.3      91.2];

x.Gaps = [0.01      0.03      0.05      0.07      0.09];
x.TMCFreq = [   500  1000  2000  4000  ];
x.TMC = [
	77.8	72.2	73.4	83.6	 
	88.7	81.4	78.3	86.6		 
	92.3	92.2	83.4	88.9	 
	97.7	97.5	85.8	92		 
	101	101	93.8	NaN		 
];
x.TMC = x.TMC';

x.MaskerRatio = [0.5      0.7      0.9        1      1.1      1.3      1.6];
x.IFMCFreq = [   500  1000  2000  4000  ];
x.IFMCs = [
	84.4	76.3	71.3	77.5		 
	80.2	74.8	71.6	81.4		 
	76.9	72.8	72.5	81.5		 
	77	73.2	73.8	81.6		 
	75.5	75.5	77.7	85.9		 
	79.9	81.5	85.7	94.7		 
	84.6	90.2	92.6	99.3	 
];
x.IFMCs = x.IFMCs';
